
################################################################################
# Gelman-Rubin Diagnostic
################################################################################

Generally the Gelman diagnostic should be < 1.05


Out of 304 variables: 9 > 1.01

                      
1 > 1.05

                      
0 > 1.1


The worst variables are:

               Point est. Upper C.I.
p.fac1[17,4]     1.071931   1.072484
p.fac1[10,4]     1.027964   1.029916
p.fac1[18,4]     1.023069   1.028092
p.fac1[25,4]     1.016892   1.023131
p.fac1[30,4]     1.016086   1.018494
p.fac1[4,4]      1.011926   1.013445
p.fac1[7,4]      1.011855   1.013344
p.fac1[20,4]     1.010717   1.013817
p.fac1[8,4]      1.010014   1.011290
ilr.fac1[35,2]   1.008918   1.019032


And here are the Gelman diagnostics for all variables:

               Point est. Upper C.I.
deviance        1.0032411  1.0114351
fac1.sig        1.0026352  1.0103636
ilr.fac1[1,1]   1.0013496  1.0039402
ilr.fac1[1,2]   1.0011114  1.0047434
ilr.fac1[1,3]   1.0024380  1.0046945
ilr.fac1[10,1]  1.0008898  1.0016587
ilr.fac1[10,2]  1.0026227  1.0087091
ilr.fac1[10,3]  1.0001337  1.0001472
ilr.fac1[11,1]  1.0007924  1.0029492
ilr.fac1[11,2]  1.0010454  1.0048065
ilr.fac1[11,3]  1.0024766  1.0050780
ilr.fac1[12,1]  1.0035179  1.0036249
ilr.fac1[12,2]  1.0027954  1.0058665
ilr.fac1[12,3]  0.9996094  0.9998739
ilr.fac1[13,1]  1.0012822  1.0035049
ilr.fac1[13,2]  1.0005490  1.0007374
ilr.fac1[13,3]  1.0009666  1.0028372
ilr.fac1[14,1]  1.0004565  1.0017203
ilr.fac1[14,2]  1.0014562  1.0063878
ilr.fac1[14,3]  0.9998557  1.0005005
ilr.fac1[15,1]  1.0001217  1.0001226
ilr.fac1[15,2]  1.0011984  1.0043805
ilr.fac1[15,3]  1.0009758  1.0012749
ilr.fac1[16,1]  1.0012694  1.0039013
ilr.fac1[16,2]  1.0010132  1.0038584
ilr.fac1[16,3]  1.0025284  1.0041845
ilr.fac1[17,1]  1.0033833  1.0041463
ilr.fac1[17,2]  1.0015412  1.0020620
ilr.fac1[17,3]  1.0051733  1.0056060
ilr.fac1[18,1]  1.0012484  1.0015255
ilr.fac1[18,2]  1.0002464  1.0015560
ilr.fac1[18,3]  0.9996888  0.9998605
ilr.fac1[19,1]  1.0000551  1.0008383
ilr.fac1[19,2]  1.0005359  1.0021871
ilr.fac1[19,3]  0.9997429  0.9998530
ilr.fac1[2,1]   1.0008103  1.0029143
ilr.fac1[2,2]   1.0025441  1.0028553
ilr.fac1[2,3]   1.0016789  1.0032429
ilr.fac1[20,1]  0.9997811  0.9999553
ilr.fac1[20,2]  1.0026462  1.0062058
ilr.fac1[20,3]  1.0014776  1.0025249
ilr.fac1[21,1]  1.0072744  1.0140162
ilr.fac1[21,2]  1.0019157  1.0080858
ilr.fac1[21,3]  1.0031774  1.0059219
ilr.fac1[22,1]  1.0068332  1.0113066
ilr.fac1[22,2]  1.0063018  1.0093503
ilr.fac1[22,3]  1.0005264  1.0010458
ilr.fac1[23,1]  1.0015034  1.0027378
ilr.fac1[23,2]  1.0004306  1.0024683
ilr.fac1[23,3]  1.0004279  1.0007718
ilr.fac1[24,1]  1.0007754  1.0026960
ilr.fac1[24,2]  1.0005924  1.0033166
ilr.fac1[24,3]  1.0002755  1.0023257
ilr.fac1[25,1]  1.0024813  1.0039028
ilr.fac1[25,2]  1.0005173  1.0026798
ilr.fac1[25,3]  1.0019403  1.0058650
ilr.fac1[26,1]  1.0030849  1.0054348
ilr.fac1[26,2]  1.0010734  1.0030923
ilr.fac1[26,3]  1.0006005  1.0006682
ilr.fac1[27,1]  1.0003985  1.0016370
ilr.fac1[27,2]  1.0031916  1.0054092
ilr.fac1[27,3]  1.0010296  1.0011395
ilr.fac1[28,1]  1.0004116  1.0019499
ilr.fac1[28,2]  1.0008179  1.0031879
ilr.fac1[28,3]  1.0001356  1.0018089
ilr.fac1[29,1]  1.0002884  1.0016279
ilr.fac1[29,2]  1.0012516  1.0031604
ilr.fac1[29,3]  1.0008569  1.0011151
ilr.fac1[3,1]   1.0013411  1.0032976
ilr.fac1[3,2]   1.0031661  1.0053912
ilr.fac1[3,3]   1.0014041  1.0047173
ilr.fac1[30,1]  1.0010843  1.0040450
ilr.fac1[30,2]  1.0012815  1.0022865
ilr.fac1[30,3]  1.0010058  1.0043855
ilr.fac1[31,1]  1.0015833  1.0021590
ilr.fac1[31,2]  1.0011304  1.0027325
ilr.fac1[31,3]  1.0003280  1.0007642
ilr.fac1[32,1]  1.0017984  1.0051575
ilr.fac1[32,2]  1.0003858  1.0026450
ilr.fac1[32,3]  1.0012428  1.0026683
ilr.fac1[33,1]  1.0004955  1.0016713
ilr.fac1[33,2]  1.0011641  1.0052179
ilr.fac1[33,3]  1.0002896  1.0009766
ilr.fac1[34,1]  1.0008437  1.0040341
ilr.fac1[34,2]  1.0027437  1.0093616
ilr.fac1[34,3]  1.0007551  1.0017924
ilr.fac1[35,1]  1.0047979  1.0118316
ilr.fac1[35,2]  1.0089185  1.0190316
ilr.fac1[35,3]  1.0019470  1.0041383
ilr.fac1[36,1]  1.0020827  1.0072039
ilr.fac1[36,2]  1.0027532  1.0100292
ilr.fac1[36,3]  1.0012395  1.0025221
ilr.fac1[37,1]  1.0002045  1.0008795
ilr.fac1[37,2]  1.0011809  1.0044261
ilr.fac1[37,3]  1.0022388  1.0038735
ilr.fac1[4,1]   1.0004994  1.0007885
ilr.fac1[4,2]   1.0016496  1.0027421
ilr.fac1[4,3]   1.0011071  1.0049815
ilr.fac1[5,1]   0.9999599  1.0003364
ilr.fac1[5,2]   1.0000264  1.0011308
ilr.fac1[5,3]   1.0020153  1.0023292
ilr.fac1[6,1]   1.0025628  1.0043628
ilr.fac1[6,2]   1.0023848  1.0034697
ilr.fac1[6,3]   1.0017470  1.0035834
ilr.fac1[7,1]   1.0011356  1.0019065
ilr.fac1[7,2]   1.0016882  1.0072006
ilr.fac1[7,3]   1.0006559  1.0034104
ilr.fac1[8,1]   1.0012976  1.0024149
ilr.fac1[8,2]   1.0008766  1.0038989
ilr.fac1[8,3]   0.9996169  0.9997490
ilr.fac1[9,1]   1.0000099  1.0002440
ilr.fac1[9,2]   1.0046076  1.0089748
ilr.fac1[9,3]   1.0023212  1.0077771
loglik[1]       1.0011761  1.0054669
loglik[10]      1.0026412  1.0109697
loglik[11]      1.0014046  1.0055353
loglik[12]      1.0014449  1.0045293
loglik[13]      1.0015658  1.0038148
loglik[14]      1.0040381  1.0128278
loglik[15]      1.0024622  1.0054449
loglik[16]      1.0010098  1.0043487
loglik[17]      1.0017452  1.0030573
loglik[18]      1.0031967  1.0073746
loglik[19]      1.0007247  1.0017112
loglik[2]       1.0019555  1.0046206
loglik[20]      1.0025022  1.0091268
loglik[21]      1.0044292  1.0140493
loglik[22]      1.0040558  1.0046352
loglik[23]      1.0009225  1.0031476
loglik[24]      1.0016232  1.0067910
loglik[25]      1.0013474  1.0042788
loglik[26]      1.0010733  1.0042891
loglik[27]      1.0014577  1.0029176
loglik[28]      1.0015774  1.0035115
loglik[29]      1.0032821  1.0052792
loglik[3]       1.0018083  1.0034037
loglik[30]      1.0053308  1.0056800
loglik[31]      1.0029363  1.0104451
loglik[32]      1.0011309  1.0032553
loglik[33]      1.0014732  1.0059645
loglik[34]      1.0021971  1.0077722
loglik[35]      1.0017393  1.0068631
loglik[36]      1.0013945  1.0057138
loglik[37]      1.0040381  1.0049626
loglik[4]       1.0008050  1.0019989
loglik[5]       1.0007774  1.0037596
loglik[6]       1.0024999  1.0046512
loglik[7]       1.0024280  1.0090621
loglik[8]       1.0012418  1.0050225
loglik[9]       1.0036646  1.0057253
p.fac1[1,1]     1.0005455  1.0032526
p.fac1[1,2]     0.9996715  0.9997184
p.fac1[1,3]     1.0015837  1.0070577
p.fac1[1,4]     1.0044262  1.0078113
p.fac1[10,1]    0.9999157  1.0005620
p.fac1[10,2]    1.0014550  1.0056791
p.fac1[10,3]    1.0003118  1.0020046
p.fac1[10,4]    1.0279644  1.0299161
p.fac1[11,1]    0.9995985  0.9997680
p.fac1[11,2]    1.0025171  1.0077876
p.fac1[11,3]    0.9996178  0.9998516
p.fac1[11,4]    1.0065332  1.0078618
p.fac1[12,1]    1.0000070  1.0000250
p.fac1[12,2]    1.0022930  1.0066870
p.fac1[12,3]    1.0003278  1.0004664
p.fac1[12,4]    1.0001714  1.0003594
p.fac1[13,1]    0.9995776  0.9995888
p.fac1[13,2]    1.0010016  1.0038351
p.fac1[13,3]    0.9995552  0.9996055
p.fac1[13,4]    1.0066081  1.0074493
p.fac1[14,1]    1.0001911  1.0018233
p.fac1[14,2]    1.0022959  1.0071559
p.fac1[14,3]    1.0002598  1.0021482
p.fac1[14,4]    1.0028492  1.0040417
p.fac1[15,1]    1.0008592  1.0037035
p.fac1[15,2]    1.0016460  1.0056812
p.fac1[15,3]    1.0008284  1.0037685
p.fac1[15,4]    1.0030435  1.0040012
p.fac1[16,1]    1.0000693  1.0006732
p.fac1[16,2]    1.0018346  1.0065778
p.fac1[16,3]    0.9997705  1.0002504
p.fac1[16,4]    1.0074756  1.0095756
p.fac1[17,1]    1.0003341  1.0004956
p.fac1[17,2]    1.0020451  1.0069825
p.fac1[17,3]    1.0004178  1.0005229
p.fac1[17,4]    1.0719308  1.0724837
p.fac1[18,1]    0.9999524  1.0004976
p.fac1[18,2]    1.0013286  1.0053355
p.fac1[18,3]    0.9997651  1.0001921
p.fac1[18,4]    1.0230691  1.0280924
p.fac1[19,1]    0.9998222  1.0002689
p.fac1[19,2]    1.0031377  1.0073622
p.fac1[19,3]    0.9999165  1.0004600
p.fac1[19,4]    1.0028109  1.0034088
p.fac1[2,1]     0.9997534  1.0000509
p.fac1[2,2]     1.0004538  1.0028659
p.fac1[2,3]     0.9996613  0.9999782
p.fac1[2,4]     1.0031726  1.0045604
p.fac1[20,1]    1.0000421  1.0009761
p.fac1[20,2]    1.0012474  1.0049013
p.fac1[20,3]    0.9999034  1.0008888
p.fac1[20,4]    1.0107167  1.0138175
p.fac1[21,1]    1.0000688  1.0010811
p.fac1[21,2]    0.9998032  1.0001815
p.fac1[21,3]    1.0006410  1.0033601
p.fac1[21,4]    1.0083803  1.0148559
p.fac1[22,1]    1.0004899  1.0028144
p.fac1[22,2]    1.0004596  1.0016754
p.fac1[22,3]    1.0003760  1.0025339
p.fac1[22,4]    1.0002341  1.0004547
p.fac1[23,1]    1.0012210  1.0057495
p.fac1[23,2]    1.0004165  1.0020195
p.fac1[23,3]    1.0013527  1.0062955
p.fac1[23,4]    1.0001113  1.0007003
p.fac1[24,1]    0.9998841  1.0002524
p.fac1[24,2]    1.0021572  1.0065111
p.fac1[24,3]    0.9998698  1.0007527
p.fac1[24,4]    1.0014746  1.0039981
p.fac1[25,1]    1.0006649  1.0022411
p.fac1[25,2]    1.0011558  1.0046600
p.fac1[25,3]    1.0014049  1.0045210
p.fac1[25,4]    1.0168923  1.0231314
p.fac1[26,1]    1.0008275  1.0040502
p.fac1[26,2]    1.0018194  1.0038930
p.fac1[26,3]    1.0009909  1.0044709
p.fac1[26,4]    1.0069377  1.0082864
p.fac1[27,1]    1.0006068  1.0032931
p.fac1[27,2]    1.0006335  1.0031354
p.fac1[27,3]    1.0008170  1.0036458
p.fac1[27,4]    1.0037632  1.0043501
p.fac1[28,1]    1.0008046  1.0037766
p.fac1[28,2]    1.0015954  1.0043627
p.fac1[28,3]    1.0005456  1.0031664
p.fac1[28,4]    1.0014027  1.0030028
p.fac1[29,1]    1.0017366  1.0074183
p.fac1[29,2]    1.0018820  1.0060035
p.fac1[29,3]    1.0016734  1.0072605
p.fac1[29,4]    1.0038336  1.0043090
p.fac1[3,1]     1.0007393  1.0038968
p.fac1[3,2]     1.0017498  1.0052739
p.fac1[3,3]     1.0006428  1.0034415
p.fac1[3,4]     1.0031416  1.0033070
p.fac1[30,1]    1.0009386  1.0044271
p.fac1[30,2]    1.0014286  1.0059048
p.fac1[30,3]    1.0010749  1.0047926
p.fac1[30,4]    1.0160860  1.0184941
p.fac1[31,1]    1.0011339  1.0054049
p.fac1[31,2]    1.0012530  1.0046886
p.fac1[31,3]    1.0010372  1.0050365
p.fac1[31,4]    1.0003355  1.0006521
p.fac1[32,1]    1.0018906  1.0082308
p.fac1[32,2]    1.0017850  1.0054082
p.fac1[32,3]    1.0017016  1.0075060
p.fac1[32,4]    1.0051427  1.0053817
p.fac1[33,1]    1.0014831  1.0066996
p.fac1[33,2]    1.0001448  1.0011966
p.fac1[33,3]    1.0015755  1.0070011
p.fac1[33,4]    1.0003096  1.0013163
p.fac1[34,1]    1.0018104  1.0076867
p.fac1[34,2]    1.0003126  1.0014851
p.fac1[34,3]    1.0016487  1.0071321
p.fac1[34,4]    1.0013006  1.0046397
p.fac1[35,1]    1.0027678  1.0114017
p.fac1[35,2]    1.0014034  1.0048365
p.fac1[35,3]    1.0027863  1.0114006
p.fac1[35,4]    1.0005401  1.0021706
p.fac1[36,1]    1.0027554  1.0113473
p.fac1[36,2]    1.0077502  1.0138366
p.fac1[36,3]    1.0026013  1.0107320
p.fac1[36,4]    1.0003639  1.0013698
p.fac1[37,1]    1.0009368  1.0046437
p.fac1[37,2]    1.0009151  1.0027739
p.fac1[37,3]    1.0009377  1.0045753
p.fac1[37,4]    0.9997774  0.9999545
p.fac1[4,1]     1.0007417  1.0021772
p.fac1[4,2]     1.0002766  1.0022162
p.fac1[4,3]     1.0004850  1.0017321
p.fac1[4,4]     1.0119257  1.0134448
p.fac1[5,1]     1.0001225  1.0005758
p.fac1[5,2]     1.0013032  1.0039178
p.fac1[5,3]     1.0001374  1.0005801
p.fac1[5,4]     1.0075198  1.0077299
p.fac1[6,1]     1.0000461  1.0008161
p.fac1[6,2]     1.0005639  1.0033788
p.fac1[6,3]     0.9998594  1.0004291
p.fac1[6,4]     1.0042971  1.0043498
p.fac1[7,1]     1.0007792  1.0036364
p.fac1[7,2]     1.0015284  1.0063243
p.fac1[7,3]     1.0007143  1.0036701
p.fac1[7,4]     1.0118549  1.0133435
p.fac1[8,1]     0.9998770  1.0001672
p.fac1[8,2]     1.0030431  1.0096080
p.fac1[8,3]     0.9998503  1.0006078
p.fac1[8,4]     1.0100143  1.0112897
p.fac1[9,1]     0.9996856  0.9999060
p.fac1[9,2]     1.0008898  1.0045243
p.fac1[9,3]     0.9998329  1.0002925
p.fac1[9,4]     1.0026622  1.0036504
p.global[1]     1.0001647  1.0014584
p.global[2]     1.0021149  1.0066872
p.global[3]     0.9999465  1.0007977
p.global[4]     0.9996583  0.9998004
resid.prop[1]   1.0009413  1.0046603
resid.prop[2]   1.0007366  1.0022269

################################################################################
# Geweke Diagnostic
################################################################################

The Geweke diagnostic is a standard z-score, so we'd expect 5% to be outside +/-1.96
Number of variables outside +/-1.96 in each chain (out of 
304
):


       Chain 1 Chain 2 Chain 3
Geweke      19      11       9


And here are the Geweke diagnostics for all variables:


