
#################################################################
# Summary Statistics
#################################################################

DIC = 472.913

                           Mean    SD  2.5%    5%   25%   50%   75%   95% 97.5%
Epsilon.1                 0.415 0.483 0.028 0.035 0.077 0.176 0.624 1.435 1.637
Epsilon.2                 0.608 0.300 0.183 0.224 0.399 0.560 0.758 1.145 1.310
Age.SD                    0.741 0.591 0.015 0.029 0.199 0.659 1.179 1.777 1.948
p.global.Algae            0.381 0.206 0.029 0.052 0.219 0.379 0.533 0.722 0.780
p.global.Aquatic_plants   0.025 0.027 0.000 0.001 0.005 0.014 0.037 0.084 0.095
p.global.Soil             0.569 0.192 0.183 0.243 0.429 0.580 0.727 0.854 0.874
p.global.Terrestrial      0.025 0.022 0.001 0.001 0.008 0.019 0.035 0.068 0.084
p.Age -50.Algae           0.432 0.273 0.029 0.049 0.197 0.401 0.650 0.914 0.949
p.Age 170.Algae           0.306 0.214 0.020 0.038 0.146 0.261 0.418 0.755 0.850
p.Age 390.Algae           0.434 0.272 0.025 0.047 0.208 0.399 0.645 0.921 0.956
p.Age 609.Algae           0.307 0.219 0.018 0.036 0.148 0.252 0.421 0.765 0.858
p.Age 829.Algae           0.275 0.221 0.015 0.025 0.112 0.212 0.378 0.756 0.838
p.Age 1049.Algae          0.355 0.231 0.024 0.046 0.179 0.314 0.486 0.825 0.903
p.Age 1269.Algae          0.247 0.227 0.007 0.014 0.074 0.173 0.351 0.755 0.848
p.Age 1488.Algae          0.241 0.223 0.008 0.015 0.072 0.169 0.338 0.722 0.833
p.Age 1708.Algae          0.312 0.256 0.016 0.030 0.116 0.228 0.451 0.862 0.940
p.Age 1928.Algae          0.260 0.212 0.013 0.025 0.103 0.200 0.362 0.719 0.813
p.Age 2148.Algae          0.249 0.212 0.011 0.021 0.092 0.186 0.340 0.708 0.811
p.Age 2368.Algae          0.255 0.219 0.010 0.020 0.092 0.187 0.360 0.736 0.816
p.Age 2587.Algae          0.265 0.213 0.015 0.027 0.109 0.206 0.354 0.729 0.832
p.Age 2807.Algae          0.251 0.207 0.012 0.023 0.097 0.191 0.346 0.697 0.803
p.Age 3027.Algae          0.375 0.237 0.024 0.043 0.193 0.336 0.535 0.826 0.913
p.Age 3247.Algae          0.265 0.212 0.016 0.029 0.109 0.203 0.361 0.731 0.821
p.Age 3467.Algae          0.318 0.301 0.004 0.008 0.057 0.210 0.547 0.905 0.953
p.Age 3686.Algae          0.257 0.216 0.011 0.021 0.097 0.194 0.360 0.728 0.823
p.Age 3906.Algae          0.250 0.207 0.013 0.024 0.099 0.192 0.335 0.711 0.800
p.Age 4126.Algae          0.261 0.211 0.015 0.026 0.107 0.200 0.356 0.720 0.814
p.Age 4346.Algae          0.450 0.268 0.025 0.052 0.219 0.439 0.663 0.908 0.948
p.Age 4565.Algae          0.441 0.269 0.025 0.049 0.211 0.424 0.651 0.913 0.959
p.Age 4785.Algae          0.461 0.279 0.027 0.052 0.216 0.448 0.700 0.926 0.963
p.Age 5005.Algae          0.382 0.244 0.025 0.047 0.190 0.339 0.549 0.854 0.926
p.Age 5225.Algae          0.381 0.240 0.025 0.048 0.193 0.344 0.538 0.847 0.906
p.Age 5445.Algae          0.443 0.261 0.027 0.051 0.222 0.433 0.642 0.896 0.943
p.Age 5664.Algae          0.428 0.258 0.022 0.048 0.216 0.406 0.627 0.882 0.940
p.Age 5884.Algae          0.467 0.272 0.028 0.054 0.230 0.465 0.683 0.919 0.954
p.Age 6104.Algae          0.457 0.270 0.026 0.050 0.226 0.448 0.674 0.916 0.961
p.Age 6324.Algae          0.387 0.242 0.026 0.050 0.194 0.352 0.547 0.852 0.924
p.Age 6543.Algae          0.496 0.292 0.025 0.052 0.230 0.506 0.750 0.945 0.972
p.Age 6763.Algae          0.545 0.308 0.028 0.052 0.251 0.600 0.828 0.966 0.981
p.Age 6983.Algae          0.544 0.309 0.029 0.053 0.247 0.593 0.825 0.962 0.982
p.Age 7203.Algae          0.529 0.304 0.027 0.052 0.251 0.563 0.807 0.960 0.982
p.Age 7423.Algae          0.554 0.316 0.026 0.052 0.245 0.623 0.845 0.969 0.985
p.Age 7642.Algae          0.561 0.321 0.028 0.049 0.245 0.642 0.857 0.973 0.986
p.Age 7862.Algae          0.480 0.292 0.027 0.051 0.216 0.470 0.733 0.943 0.973
p.Age -50.Aquatic_plants  0.039 0.043 0.000 0.000 0.005 0.022 0.062 0.128 0.147
p.Age 170.Aquatic_plants  0.026 0.029 0.000 0.000 0.003 0.015 0.039 0.083 0.098
p.Age 390.Aquatic_plants  0.026 0.031 0.000 0.000 0.003 0.014 0.039 0.091 0.105
p.Age 609.Aquatic_plants  0.025 0.028 0.000 0.000 0.003 0.014 0.037 0.084 0.097
p.Age 829.Aquatic_plants  0.023 0.028 0.000 0.000 0.003 0.012 0.035 0.082 0.096
p.Age 1049.Aquatic_plants 0.027 0.030 0.000 0.000 0.004 0.015 0.043 0.088 0.100
p.Age 1269.Aquatic_plants 0.022 0.027 0.000 0.000 0.002 0.010 0.033 0.080 0.092
p.Age 1488.Aquatic_plants 0.022 0.027 0.000 0.000 0.002 0.009 0.033 0.081 0.093
p.Age 1708.Aquatic_plants 0.023 0.028 0.000 0.000 0.003 0.011 0.035 0.082 0.096
p.Age 1928.Aquatic_plants 0.023 0.029 0.000 0.000 0.003 0.012 0.036 0.081 0.096
p.Age 2148.Aquatic_plants 0.022 0.027 0.000 0.000 0.003 0.011 0.033 0.080 0.092
p.Age 2368.Aquatic_plants 0.023 0.027 0.000 0.000 0.002 0.011 0.034 0.078 0.093
p.Age 2587.Aquatic_plants 0.023 0.027 0.000 0.000 0.003 0.012 0.036 0.080 0.093
p.Age 2807.Aquatic_plants 0.023 0.028 0.000 0.000 0.003 0.011 0.035 0.082 0.095
p.Age 3027.Aquatic_plants 0.029 0.031 0.000 0.000 0.004 0.017 0.046 0.091 0.103
p.Age 3247.Aquatic_plants 0.024 0.028 0.000 0.000 0.003 0.014 0.035 0.082 0.096
p.Age 3467.Aquatic_plants 0.021 0.027 0.000 0.000 0.001 0.008 0.031 0.078 0.091
p.Age 3686.Aquatic_plants 0.024 0.028 0.000 0.000 0.003 0.012 0.035 0.084 0.099
p.Age 3906.Aquatic_plants 0.024 0.028 0.000 0.000 0.003 0.013 0.035 0.080 0.096
p.Age 4126.Aquatic_plants 0.024 0.028 0.000 0.000 0.003 0.012 0.037 0.083 0.097
p.Age 4346.Aquatic_plants 0.036 0.041 0.000 0.000 0.004 0.021 0.058 0.121 0.141
p.Age 4565.Aquatic_plants 0.039 0.042 0.000 0.000 0.005 0.023 0.061 0.126 0.150
p.Age 4785.Aquatic_plants 0.041 0.046 0.000 0.000 0.005 0.023 0.065 0.140 0.166
p.Age 5005.Aquatic_plants 0.031 0.033 0.000 0.000 0.004 0.020 0.051 0.096 0.111
p.Age 5225.Aquatic_plants 0.030 0.032 0.000 0.000 0.004 0.018 0.047 0.094 0.111
p.Age 5445.Aquatic_plants 0.031 0.034 0.000 0.000 0.004 0.018 0.050 0.101 0.119
p.Age 5664.Aquatic_plants 0.031 0.034 0.000 0.000 0.004 0.017 0.049 0.099 0.115
p.Age 5884.Aquatic_plants 0.036 0.041 0.000 0.000 0.004 0.020 0.057 0.118 0.147
p.Age 6104.Aquatic_plants 0.032 0.036 0.000 0.000 0.004 0.017 0.051 0.106 0.128
p.Age 6324.Aquatic_plants 0.028 0.032 0.000 0.000 0.004 0.016 0.045 0.092 0.105
p.Age 6543.Aquatic_plants 0.031 0.037 0.000 0.000 0.003 0.015 0.047 0.106 0.133
p.Age 6763.Aquatic_plants 0.033 0.042 0.000 0.000 0.003 0.016 0.050 0.122 0.152
p.Age 6983.Aquatic_plants 0.033 0.043 0.000 0.000 0.003 0.015 0.049 0.120 0.155
p.Age 7203.Aquatic_plants 0.031 0.039 0.000 0.000 0.003 0.015 0.048 0.111 0.140
p.Age 7423.Aquatic_plants 0.032 0.043 0.000 0.000 0.003 0.014 0.047 0.114 0.153
p.Age 7642.Aquatic_plants 0.030 0.042 0.000 0.000 0.002 0.013 0.045 0.109 0.148
p.Age 7862.Aquatic_plants 0.027 0.033 0.000 0.000 0.003 0.013 0.041 0.093 0.114
p.Age -50.Soil            0.467 0.267 0.025 0.047 0.234 0.472 0.718 0.848 0.868
p.Age 170.Soil            0.635 0.212 0.101 0.182 0.522 0.688 0.794 0.888 0.909
p.Age 390.Soil            0.516 0.256 0.027 0.057 0.316 0.558 0.737 0.860 0.883
p.Age 609.Soil            0.639 0.216 0.100 0.173 0.530 0.698 0.798 0.893 0.920
p.Age 829.Soil            0.675 0.221 0.116 0.185 0.571 0.740 0.838 0.928 0.954
p.Age 1049.Soil           0.587 0.224 0.057 0.120 0.458 0.636 0.761 0.867 0.889
p.Age 1269.Soil           0.706 0.232 0.107 0.200 0.599 0.774 0.877 0.969 0.983
p.Age 1488.Soil           0.711 0.228 0.116 0.219 0.609 0.778 0.880 0.967 0.983
p.Age 1708.Soil           0.642 0.251 0.043 0.103 0.505 0.724 0.831 0.918 0.942
p.Age 1928.Soil           0.688 0.215 0.122 0.214 0.585 0.747 0.846 0.938 0.961
p.Age 2148.Soil           0.702 0.215 0.138 0.226 0.604 0.765 0.856 0.945 0.967
p.Age 2368.Soil           0.695 0.222 0.122 0.210 0.585 0.761 0.856 0.953 0.970
p.Age 2587.Soil           0.683 0.214 0.117 0.213 0.587 0.743 0.840 0.930 0.951
p.Age 2807.Soil           0.693 0.212 0.133 0.227 0.589 0.751 0.850 0.940 0.965
p.Age 3027.Soil           0.560 0.229 0.053 0.110 0.405 0.602 0.747 0.865 0.886
p.Age 3247.Soil           0.677 0.215 0.121 0.214 0.570 0.737 0.834 0.921 0.947
p.Age 3467.Soil           0.640 0.300 0.030 0.071 0.409 0.734 0.886 0.984 0.992
p.Age 3686.Soil           0.688 0.219 0.131 0.220 0.583 0.747 0.847 0.946 0.965
p.Age 3906.Soil           0.688 0.213 0.130 0.228 0.592 0.745 0.842 0.934 0.963
p.Age 4126.Soil           0.683 0.214 0.120 0.217 0.585 0.742 0.840 0.927 0.954
p.Age 4346.Soil           0.476 0.254 0.029 0.057 0.263 0.486 0.704 0.849 0.870
p.Age 4565.Soil           0.475 0.258 0.022 0.047 0.260 0.483 0.706 0.848 0.869
p.Age 4785.Soil           0.455 0.264 0.018 0.044 0.220 0.460 0.696 0.845 0.868
p.Age 5005.Soil           0.538 0.242 0.033 0.086 0.361 0.580 0.738 0.864 0.884
p.Age 5225.Soil           0.546 0.235 0.058 0.101 0.377 0.589 0.741 0.857 0.880
p.Age 5445.Soil           0.493 0.247 0.034 0.068 0.292 0.504 0.711 0.852 0.872
p.Age 5664.Soil           0.510 0.244 0.037 0.081 0.321 0.531 0.719 0.855 0.878
p.Age 5884.Soil           0.464 0.256 0.024 0.053 0.252 0.463 0.697 0.849 0.872
p.Age 6104.Soil           0.482 0.253 0.028 0.059 0.273 0.493 0.703 0.853 0.876
p.Age 6324.Soil           0.556 0.231 0.058 0.109 0.399 0.598 0.742 0.861 0.880
p.Age 6543.Soil           0.450 0.271 0.016 0.038 0.208 0.442 0.702 0.849 0.871
p.Age 6763.Soil           0.398 0.284 0.010 0.022 0.132 0.347 0.679 0.842 0.869
p.Age 6983.Soil           0.400 0.284 0.010 0.022 0.134 0.352 0.683 0.844 0.867
p.Age 7203.Soil           0.417 0.280 0.012 0.023 0.152 0.387 0.683 0.846 0.872
p.Age 7423.Soil           0.392 0.289 0.008 0.020 0.125 0.331 0.680 0.847 0.871
p.Age 7642.Soil           0.388 0.294 0.008 0.017 0.109 0.312 0.682 0.849 0.872
p.Age 7862.Soil           0.470 0.272 0.018 0.041 0.229 0.482 0.724 0.854 0.879
p.Age -50.Terrestrial     0.062 0.100 0.000 0.001 0.007 0.023 0.061 0.301 0.373
p.Age 170.Terrestrial     0.033 0.047 0.000 0.001 0.006 0.017 0.041 0.121 0.171
p.Age 390.Terrestrial     0.024 0.030 0.000 0.000 0.005 0.014 0.033 0.079 0.099
p.Age 609.Terrestrial     0.028 0.041 0.000 0.000 0.005 0.016 0.036 0.096 0.131
p.Age 829.Terrestrial     0.026 0.036 0.000 0.001 0.005 0.015 0.035 0.088 0.116
p.Age 1049.Terrestrial    0.031 0.048 0.000 0.001 0.005 0.017 0.038 0.106 0.150
p.Age 1269.Terrestrial    0.026 0.038 0.000 0.000 0.004 0.013 0.033 0.089 0.119
p.Age 1488.Terrestrial    0.026 0.037 0.000 0.000 0.004 0.013 0.035 0.092 0.125
p.Age 1708.Terrestrial    0.022 0.028 0.000 0.000 0.004 0.013 0.031 0.075 0.094
p.Age 1928.Terrestrial    0.029 0.046 0.000 0.001 0.005 0.015 0.036 0.099 0.135
p.Age 2148.Terrestrial    0.027 0.039 0.000 0.000 0.005 0.015 0.035 0.095 0.129
p.Age 2368.Terrestrial    0.027 0.037 0.000 0.000 0.004 0.015 0.035 0.093 0.131
p.Age 2587.Terrestrial    0.029 0.037 0.000 0.000 0.005 0.015 0.037 0.101 0.140
p.Age 2807.Terrestrial    0.032 0.047 0.000 0.001 0.005 0.016 0.041 0.123 0.172
p.Age 3027.Terrestrial    0.036 0.055 0.000 0.001 0.006 0.018 0.045 0.134 0.190
p.Age 3247.Terrestrial    0.034 0.052 0.000 0.001 0.005 0.017 0.041 0.124 0.175
p.Age 3467.Terrestrial    0.021 0.034 0.000 0.000 0.003 0.011 0.028 0.072 0.094
p.Age 3686.Terrestrial    0.031 0.047 0.000 0.000 0.004 0.016 0.038 0.112 0.157
p.Age 3906.Terrestrial    0.039 0.064 0.000 0.001 0.005 0.017 0.043 0.154 0.221
p.Age 4126.Terrestrial    0.032 0.047 0.000 0.001 0.005 0.016 0.039 0.114 0.161
p.Age 4346.Terrestrial    0.037 0.054 0.000 0.001 0.006 0.019 0.045 0.145 0.203
p.Age 4565.Terrestrial    0.046 0.071 0.000 0.001 0.006 0.020 0.052 0.195 0.268
p.Age 4785.Terrestrial    0.043 0.065 0.000 0.001 0.006 0.020 0.050 0.180 0.244
p.Age 5005.Terrestrial    0.049 0.078 0.000 0.001 0.006 0.021 0.053 0.218 0.300
p.Age 5225.Terrestrial    0.042 0.066 0.000 0.001 0.006 0.019 0.048 0.166 0.243
p.Age 5445.Terrestrial    0.032 0.044 0.000 0.001 0.006 0.018 0.041 0.113 0.160
p.Age 5664.Terrestrial    0.031 0.042 0.000 0.001 0.006 0.017 0.041 0.107 0.148
p.Age 5884.Terrestrial    0.033 0.043 0.000 0.001 0.006 0.018 0.042 0.118 0.157
p.Age 6104.Terrestrial    0.029 0.038 0.000 0.000 0.005 0.016 0.039 0.098 0.133
p.Age 6324.Terrestrial    0.029 0.040 0.000 0.001 0.006 0.016 0.039 0.099 0.130
p.Age 6543.Terrestrial    0.024 0.029 0.000 0.001 0.005 0.015 0.033 0.082 0.102
p.Age 6763.Terrestrial    0.023 0.028 0.000 0.000 0.004 0.014 0.032 0.079 0.097
p.Age 6983.Terrestrial    0.023 0.028 0.000 0.000 0.004 0.014 0.031 0.075 0.092
p.Age 7203.Terrestrial    0.023 0.028 0.000 0.000 0.004 0.014 0.032 0.077 0.098
p.Age 7423.Terrestrial    0.021 0.025 0.000 0.000 0.004 0.013 0.030 0.074 0.091
p.Age 7642.Terrestrial    0.021 0.025 0.000 0.000 0.004 0.012 0.029 0.071 0.089
p.Age 7862.Terrestrial    0.023 0.027 0.000 0.000 0.004 0.014 0.032 0.073 0.096
