
################################################################################
# Gelman-Rubin Diagnostic
################################################################################

Generally the Gelman diagnostic should be < 1.05


Out of 304 variables: 3 > 1.01

                      
0 > 1.05

                      
0 > 1.1


The worst variables are:

               Point est. Upper C.I.
ilr.fac1[18,1]   1.026930   1.031537
ilr.fac1[20,1]   1.015242   1.015423
loglik[10]       1.013670   1.014478
ilr.fac1[14,2]   1.009423   1.010748
ilr.fac1[24,2]   1.009240   1.012495
loglik[5]        1.007656   1.011978
ilr.fac1[4,1]    1.007536   1.008363
ilr.fac1[29,2]   1.007170   1.007502
ilr.fac1[10,1]   1.006908   1.007135
ilr.fac1[11,3]   1.006710   1.006880


And here are the Gelman diagnostics for all variables:

               Point est. Upper C.I.
deviance        1.0056187  1.0074994
fac1.sig        1.0023424  1.0068604
ilr.fac1[1,1]   1.0050714  1.0070752
ilr.fac1[1,2]   1.0011713  1.0022620
ilr.fac1[1,3]   0.9996142  0.9997917
ilr.fac1[10,1]  1.0069084  1.0071353
ilr.fac1[10,2]  1.0003531  1.0009424
ilr.fac1[10,3]  1.0007849  1.0009033
ilr.fac1[11,1]  1.0046184  1.0060730
ilr.fac1[11,2]  1.0019099  1.0021707
ilr.fac1[11,3]  1.0067099  1.0068804
ilr.fac1[12,1]  1.0016176  1.0037266
ilr.fac1[12,2]  1.0011457  1.0015500
ilr.fac1[12,3]  1.0018994  1.0055530
ilr.fac1[13,1]  1.0038991  1.0072736
ilr.fac1[13,2]  1.0004140  1.0009950
ilr.fac1[13,3]  1.0036326  1.0081465
ilr.fac1[14,1]  1.0024686  1.0068646
ilr.fac1[14,2]  1.0094227  1.0107482
ilr.fac1[14,3]  1.0019596  1.0029026
ilr.fac1[15,1]  1.0002084  1.0004785
ilr.fac1[15,2]  1.0010383  1.0029858
ilr.fac1[15,3]  1.0043370  1.0092521
ilr.fac1[16,1]  1.0014420  1.0025200
ilr.fac1[16,2]  1.0019210  1.0030372
ilr.fac1[16,3]  1.0010341  1.0025586
ilr.fac1[17,1]  1.0004728  1.0016853
ilr.fac1[17,2]  1.0017545  1.0019381
ilr.fac1[17,3]  1.0026813  1.0035746
ilr.fac1[18,1]  1.0269301  1.0315367
ilr.fac1[18,2]  1.0029303  1.0038424
ilr.fac1[18,3]  1.0026875  1.0044257
ilr.fac1[19,1]  1.0025925  1.0030127
ilr.fac1[19,2]  1.0015233  1.0048445
ilr.fac1[19,3]  1.0006949  1.0030803
ilr.fac1[2,1]   1.0044832  1.0102448
ilr.fac1[2,2]   1.0038537  1.0054852
ilr.fac1[2,3]   1.0057458  1.0082281
ilr.fac1[20,1]  1.0152424  1.0154228
ilr.fac1[20,2]  1.0024571  1.0076909
ilr.fac1[20,3]  1.0020643  1.0029104
ilr.fac1[21,1]  0.9999190  1.0004956
ilr.fac1[21,2]  1.0013021  1.0018021
ilr.fac1[21,3]  1.0032449  1.0047008
ilr.fac1[22,1]  1.0015505  1.0021664
ilr.fac1[22,2]  1.0024104  1.0055128
ilr.fac1[22,3]  1.0018457  1.0040693
ilr.fac1[23,1]  1.0042684  1.0043989
ilr.fac1[23,2]  1.0040110  1.0087925
ilr.fac1[23,3]  0.9997345  0.9999210
ilr.fac1[24,1]  1.0007983  1.0012122
ilr.fac1[24,2]  1.0092398  1.0124951
ilr.fac1[24,3]  1.0049708  1.0076766
ilr.fac1[25,1]  1.0002092  1.0003616
ilr.fac1[25,2]  1.0059106  1.0061310
ilr.fac1[25,3]  1.0026990  1.0035372
ilr.fac1[26,1]  1.0008809  1.0039011
ilr.fac1[26,2]  1.0019494  1.0053007
ilr.fac1[26,3]  1.0035644  1.0037368
ilr.fac1[27,1]  1.0029742  1.0038435
ilr.fac1[27,2]  1.0009169  1.0027304
ilr.fac1[27,3]  1.0006928  1.0011449
ilr.fac1[28,1]  1.0004103  1.0009444
ilr.fac1[28,2]  1.0002018  1.0006722
ilr.fac1[28,3]  0.9997260  0.9998601
ilr.fac1[29,1]  1.0032625  1.0067758
ilr.fac1[29,2]  1.0071700  1.0075017
ilr.fac1[29,3]  1.0018928  1.0040177
ilr.fac1[3,1]   1.0063301  1.0116981
ilr.fac1[3,2]   1.0025755  1.0030412
ilr.fac1[3,3]   1.0006416  1.0032953
ilr.fac1[30,1]  1.0014683  1.0022075
ilr.fac1[30,2]  1.0003156  1.0017213
ilr.fac1[30,3]  1.0000357  1.0001544
ilr.fac1[31,1]  1.0024993  1.0027570
ilr.fac1[31,2]  1.0049063  1.0070598
ilr.fac1[31,3]  1.0036524  1.0064606
ilr.fac1[32,1]  1.0005399  1.0030136
ilr.fac1[32,2]  1.0033761  1.0039337
ilr.fac1[32,3]  1.0016692  1.0017913
ilr.fac1[33,1]  1.0005206  1.0014330
ilr.fac1[33,2]  1.0004288  1.0012106
ilr.fac1[33,3]  1.0046486  1.0057632
ilr.fac1[34,1]  1.0018159  1.0063873
ilr.fac1[34,2]  1.0016384  1.0025348
ilr.fac1[34,3]  1.0011305  1.0037404
ilr.fac1[35,1]  1.0063750  1.0079439
ilr.fac1[35,2]  1.0012761  1.0033642
ilr.fac1[35,3]  1.0007954  1.0030223
ilr.fac1[36,1]  1.0008947  1.0022769
ilr.fac1[36,2]  1.0017514  1.0034680
ilr.fac1[36,3]  1.0037861  1.0050088
ilr.fac1[37,1]  1.0004823  1.0013259
ilr.fac1[37,2]  1.0006249  1.0016545
ilr.fac1[37,3]  1.0043646  1.0079263
ilr.fac1[4,1]   1.0075359  1.0083628
ilr.fac1[4,2]   1.0018851  1.0019016
ilr.fac1[4,3]   1.0042264  1.0075781
ilr.fac1[5,1]   1.0038666  1.0081875
ilr.fac1[5,2]   1.0010078  1.0028442
ilr.fac1[5,3]   1.0058574  1.0113144
ilr.fac1[6,1]   1.0018878  1.0038568
ilr.fac1[6,2]   1.0046456  1.0062021
ilr.fac1[6,3]   0.9997406  0.9997588
ilr.fac1[7,1]   1.0034597  1.0041447
ilr.fac1[7,2]   1.0027078  1.0030434
ilr.fac1[7,3]   1.0038514  1.0088377
ilr.fac1[8,1]   0.9999028  1.0004114
ilr.fac1[8,2]   1.0035257  1.0049614
ilr.fac1[8,3]   1.0062691  1.0118340
ilr.fac1[9,1]   1.0012582  1.0022995
ilr.fac1[9,2]   1.0039105  1.0056556
ilr.fac1[9,3]   1.0041506  1.0051622
loglik[1]       1.0013456  1.0023836
loglik[10]      1.0136697  1.0144782
loglik[11]      1.0005839  1.0008736
loglik[12]      1.0014153  1.0039519
loglik[13]      1.0019451  1.0046302
loglik[14]      1.0016460  1.0037808
loglik[15]      1.0014238  1.0033100
loglik[16]      1.0006406  1.0008616
loglik[17]      1.0022397  1.0041702
loglik[18]      1.0016165  1.0019564
loglik[19]      1.0009906  1.0015372
loglik[2]       1.0002997  1.0007481
loglik[20]      1.0021600  1.0043038
loglik[21]      1.0000845  1.0009177
loglik[22]      0.9998606  1.0008159
loglik[23]      1.0042537  1.0049111
loglik[24]      1.0022559  1.0063291
loglik[25]      1.0005649  1.0015790
loglik[26]      1.0001738  1.0011756
loglik[27]      1.0013455  1.0042077
loglik[28]      1.0003097  1.0015724
loglik[29]      1.0066978  1.0075198
loglik[3]       1.0010193  1.0026202
loglik[30]      1.0011584  1.0012367
loglik[31]      1.0005686  1.0034145
loglik[32]      1.0001529  1.0014216
loglik[33]      1.0001238  1.0010409
loglik[34]      1.0012519  1.0055404
loglik[35]      1.0028748  1.0029044
loglik[36]      1.0023569  1.0057887
loglik[37]      1.0021382  1.0085256
loglik[4]       1.0012627  1.0013645
loglik[5]       1.0076558  1.0119781
loglik[6]       1.0013063  1.0018211
loglik[7]       1.0000480  1.0014408
loglik[8]       1.0025340  1.0031016
loglik[9]       1.0004386  1.0018779
p.fac1[1,1]     1.0007882  1.0038965
p.fac1[1,2]     1.0012808  1.0019621
p.fac1[1,3]     1.0005837  1.0031728
p.fac1[1,4]     1.0007347  1.0011820
p.fac1[10,1]    1.0006053  1.0024281
p.fac1[10,2]    1.0003143  1.0004426
p.fac1[10,3]    1.0001654  1.0017959
p.fac1[10,4]    1.0002185  1.0004437
p.fac1[11,1]    1.0011688  1.0047174
p.fac1[11,2]    1.0010310  1.0018828
p.fac1[11,3]    1.0005745  1.0033770
p.fac1[11,4]    1.0005599  1.0010317
p.fac1[12,1]    1.0009100  1.0036959
p.fac1[12,2]    1.0014360  1.0032759
p.fac1[12,3]    1.0003732  1.0026148
p.fac1[12,4]    1.0000135  1.0001170
p.fac1[13,1]    1.0007065  1.0027296
p.fac1[13,2]    1.0008852  1.0022107
p.fac1[13,3]    1.0002611  1.0021533
p.fac1[13,4]    1.0000134  1.0000317
p.fac1[14,1]    1.0007135  1.0027494
p.fac1[14,2]    1.0012439  1.0016846
p.fac1[14,3]    1.0002015  1.0020029
p.fac1[14,4]    1.0010421  1.0016144
p.fac1[15,1]    1.0006922  1.0025575
p.fac1[15,2]    1.0034828  1.0051966
p.fac1[15,3]    0.9999948  1.0010506
p.fac1[15,4]    1.0001469  1.0008027
p.fac1[16,1]    1.0002415  1.0012437
p.fac1[16,2]    1.0019596  1.0030034
p.fac1[16,3]    0.9997226  1.0002843
p.fac1[16,4]    1.0001248  1.0005825
p.fac1[17,1]    1.0011137  1.0040584
p.fac1[17,2]    1.0011623  1.0016054
p.fac1[17,3]    1.0005584  1.0030999
p.fac1[17,4]    1.0012554  1.0017302
p.fac1[18,1]    1.0008272  1.0031933
p.fac1[18,2]    1.0013811  1.0017185
p.fac1[18,3]    1.0003744  1.0025385
p.fac1[18,4]    1.0001819  1.0002274
p.fac1[19,1]    1.0010232  1.0039602
p.fac1[19,2]    1.0015647  1.0024173
p.fac1[19,3]    1.0004582  1.0028285
p.fac1[19,4]    1.0001133  1.0003363
p.fac1[2,1]     1.0011616  1.0046113
p.fac1[2,2]     1.0047441  1.0062315
p.fac1[2,3]     1.0006632  1.0033365
p.fac1[2,4]     0.9995142  0.9995333
p.fac1[20,1]    1.0013312  1.0045904
p.fac1[20,2]    1.0023579  1.0033205
p.fac1[20,3]    1.0006988  1.0036797
p.fac1[20,4]    0.9998673  1.0001194
p.fac1[21,1]    1.0004883  1.0028231
p.fac1[21,2]    1.0038706  1.0056900
p.fac1[21,3]    1.0001527  1.0018833
p.fac1[21,4]    1.0007578  1.0013736
p.fac1[22,1]    1.0008943  1.0039077
p.fac1[22,2]    1.0016548  1.0022212
p.fac1[22,3]    1.0005395  1.0032736
p.fac1[22,4]    0.9997320  0.9997471
p.fac1[23,1]    1.0011444  1.0045585
p.fac1[23,2]    1.0013514  1.0019598
p.fac1[23,3]    1.0006830  1.0036521
p.fac1[23,4]    1.0000638  1.0002707
p.fac1[24,1]    1.0009920  1.0040091
p.fac1[24,2]    1.0008168  1.0014931
p.fac1[24,3]    1.0005665  1.0031876
p.fac1[24,4]    0.9997322  0.9999908
p.fac1[25,1]    1.0009146  1.0037312
p.fac1[25,2]    1.0012397  1.0016663
p.fac1[25,3]    1.0004264  1.0027448
p.fac1[25,4]    1.0011691  1.0017220
p.fac1[26,1]    1.0018124  1.0055502
p.fac1[26,2]    1.0003808  1.0007155
p.fac1[26,3]    1.0012199  1.0051363
p.fac1[26,4]    0.9997227  0.9997641
p.fac1[27,1]    1.0011932  1.0034464
p.fac1[27,2]    1.0006603  1.0010315
p.fac1[27,3]    1.0005717  1.0027923
p.fac1[27,4]    1.0019335  1.0027078
p.fac1[28,1]    1.0012234  1.0035065
p.fac1[28,2]    1.0021679  1.0026567
p.fac1[28,3]    1.0005021  1.0024885
p.fac1[28,4]    1.0005978  1.0011283
p.fac1[29,1]    1.0006724  1.0026198
p.fac1[29,2]    1.0027587  1.0031987
p.fac1[29,3]    1.0001948  1.0018053
p.fac1[29,4]    0.9999220  1.0000855
p.fac1[3,1]     1.0011810  1.0049318
p.fac1[3,2]     1.0018627  1.0030608
p.fac1[3,3]     1.0006213  1.0034963
p.fac1[3,4]     1.0001414  1.0007775
p.fac1[30,1]    1.0009488  1.0031227
p.fac1[30,2]    1.0026588  1.0034334
p.fac1[30,3]    1.0003180  1.0020445
p.fac1[30,4]    0.9996008  0.9996192
p.fac1[31,1]    1.0013871  1.0048490
p.fac1[31,2]    1.0017904  1.0024612
p.fac1[31,3]    1.0009393  1.0040925
p.fac1[31,4]    1.0017323  1.0030008
p.fac1[32,1]    1.0002969  1.0016383
p.fac1[32,2]    1.0015347  1.0018579
p.fac1[32,3]    1.0000212  1.0012238
p.fac1[32,4]    1.0004166  1.0007095
p.fac1[33,1]    1.0006757  1.0024217
p.fac1[33,2]    1.0020463  1.0030378
p.fac1[33,3]    0.9999835  1.0011932
p.fac1[33,4]    1.0004021  1.0007269
p.fac1[34,1]    1.0012952  1.0046430
p.fac1[34,2]    1.0009468  1.0019020
p.fac1[34,3]    1.0007683  1.0037261
p.fac1[34,4]    0.9999935  1.0001789
p.fac1[35,1]    1.0006169  1.0023981
p.fac1[35,2]    1.0009750  1.0012630
p.fac1[35,3]    1.0001442  1.0016877
p.fac1[35,4]    1.0006756  1.0011690
p.fac1[36,1]    1.0013025  1.0048765
p.fac1[36,2]    1.0011535  1.0024471
p.fac1[36,3]    1.0006933  1.0037396
p.fac1[36,4]    1.0000571  1.0003210
p.fac1[37,1]    1.0006561  1.0023589
p.fac1[37,2]    1.0019835  1.0033316
p.fac1[37,3]    1.0001866  1.0015414
p.fac1[37,4]    1.0009457  1.0020492
p.fac1[4,1]     1.0012434  1.0041543
p.fac1[4,2]     1.0025593  1.0039047
p.fac1[4,3]     1.0005586  1.0027813
p.fac1[4,4]     0.9996511  0.9997254
p.fac1[5,1]     1.0008446  1.0017099
p.fac1[5,2]     1.0006383  1.0006992
p.fac1[5,3]     1.0000933  1.0009380
p.fac1[5,4]     1.0005754  1.0006195
p.fac1[6,1]     1.0008232  1.0021676
p.fac1[6,2]     1.0008971  1.0013697
p.fac1[6,3]     1.0000903  1.0011822
p.fac1[6,4]     1.0001489  1.0002029
p.fac1[7,1]     1.0011824  1.0031413
p.fac1[7,2]     1.0014276  1.0022297
p.fac1[7,3]     1.0002370  1.0017126
p.fac1[7,4]     0.9999558  1.0001848
p.fac1[8,1]     1.0009746  1.0029327
p.fac1[8,2]     1.0008341  1.0013426
p.fac1[8,3]     1.0002355  1.0017152
p.fac1[8,4]     1.0008203  1.0014141
p.fac1[9,1]     1.0009034  1.0020386
p.fac1[9,2]     1.0000280  1.0001738
p.fac1[9,3]     1.0001385  1.0013762
p.fac1[9,4]     0.9996134  0.9996330
p.global[1]     1.0009689  1.0034481
p.global[2]     1.0020721  1.0028802
p.global[3]     1.0003058  1.0022666
p.global[4]     1.0003142  1.0005459
resid.prop[1]   1.0033846  1.0065872
resid.prop[2]   1.0012751  1.0018825

################################################################################
# Geweke Diagnostic
################################################################################

The Geweke diagnostic is a standard z-score, so we'd expect 5% to be outside +/-1.96
Number of variables outside +/-1.96 in each chain (out of 
304
):


       Chain 1 Chain 2 Chain 3
Geweke      12       9      24


And here are the Geweke diagnostics for all variables:


