
################################################################################
# Gelman-Rubin Diagnostic
################################################################################

Generally the Gelman diagnostic should be < 1.05


Out of 304 variables: 6 > 1.01

                      
0 > 1.05

                      
0 > 1.1


The worst variables are:

               Point est. Upper C.I.
p.fac1[6,4]      1.017682   1.021498
p.fac1[9,4]      1.015620   1.021499
p.fac1[24,4]     1.013206   1.027867
p.fac1[32,2]     1.010668   1.018388
p.fac1[4,4]      1.010554   1.016451
ilr.fac1[27,2]   1.010084   1.011444
p.fac1[33,2]     1.009133   1.017802
p.fac1[35,2]     1.008647   1.019184
p.fac1[1,4]      1.007377   1.016888
p.fac1[20,2]     1.006742   1.014433


And here are the Gelman diagnostics for all variables:

               Point est. Upper C.I.
deviance        1.0007252  1.0024246
fac1.sig        1.0038688  1.0121142
ilr.fac1[1,1]   1.0026028  1.0107527
ilr.fac1[1,2]   1.0028951  1.0044280
ilr.fac1[1,3]   1.0030053  1.0075939
ilr.fac1[10,1]  1.0021953  1.0037442
ilr.fac1[10,2]  1.0020428  1.0066836
ilr.fac1[10,3]  1.0011032  1.0015185
ilr.fac1[11,1]  1.0002912  1.0003538
ilr.fac1[11,2]  1.0046947  1.0056775
ilr.fac1[11,3]  1.0031849  1.0066007
ilr.fac1[12,1]  1.0018063  1.0025891
ilr.fac1[12,2]  1.0038929  1.0076983
ilr.fac1[12,3]  1.0010590  1.0025409
ilr.fac1[13,1]  1.0014960  1.0033714
ilr.fac1[13,2]  1.0013975  1.0051751
ilr.fac1[13,3]  1.0018412  1.0035247
ilr.fac1[14,1]  1.0014396  1.0016874
ilr.fac1[14,2]  1.0026171  1.0043546
ilr.fac1[14,3]  1.0031784  1.0032404
ilr.fac1[15,1]  1.0005325  1.0006700
ilr.fac1[15,2]  1.0018764  1.0054567
ilr.fac1[15,3]  1.0018739  1.0020079
ilr.fac1[16,1]  1.0022070  1.0033624
ilr.fac1[16,2]  1.0058712  1.0094482
ilr.fac1[16,3]  1.0014067  1.0023609
ilr.fac1[17,1]  1.0032271  1.0126843
ilr.fac1[17,2]  1.0019916  1.0031215
ilr.fac1[17,3]  1.0050221  1.0079455
ilr.fac1[18,1]  1.0011035  1.0051933
ilr.fac1[18,2]  1.0050356  1.0078044
ilr.fac1[18,3]  1.0005985  1.0007099
ilr.fac1[19,1]  1.0013213  1.0039543
ilr.fac1[19,2]  1.0026574  1.0104541
ilr.fac1[19,3]  1.0011669  1.0022209
ilr.fac1[2,1]   1.0046729  1.0118641
ilr.fac1[2,2]   1.0015995  1.0040240
ilr.fac1[2,3]   1.0014252  1.0016275
ilr.fac1[20,1]  1.0014988  1.0016208
ilr.fac1[20,2]  1.0059408  1.0187159
ilr.fac1[20,3]  1.0026029  1.0069006
ilr.fac1[21,1]  1.0009291  1.0009476
ilr.fac1[21,2]  1.0008907  1.0011371
ilr.fac1[21,3]  1.0007655  1.0007740
ilr.fac1[22,1]  1.0016427  1.0030244
ilr.fac1[22,2]  1.0004212  1.0020313
ilr.fac1[22,3]  1.0014517  1.0036975
ilr.fac1[23,1]  1.0036831  1.0121053
ilr.fac1[23,2]  1.0005910  1.0021523
ilr.fac1[23,3]  1.0035000  1.0047111
ilr.fac1[24,1]  1.0034205  1.0055778
ilr.fac1[24,2]  1.0065969  1.0106467
ilr.fac1[24,3]  1.0050555  1.0072505
ilr.fac1[25,1]  1.0041904  1.0157936
ilr.fac1[25,2]  1.0010860  1.0031387
ilr.fac1[25,3]  0.9995147  0.9995461
ilr.fac1[26,1]  0.9999002  1.0000168
ilr.fac1[26,2]  1.0015865  1.0020102
ilr.fac1[26,3]  1.0008872  1.0016288
ilr.fac1[27,1]  1.0002901  1.0011227
ilr.fac1[27,2]  1.0100838  1.0114443
ilr.fac1[27,3]  1.0014445  1.0037433
ilr.fac1[28,1]  1.0003799  1.0010814
ilr.fac1[28,2]  1.0043943  1.0078233
ilr.fac1[28,3]  1.0048325  1.0103345
ilr.fac1[29,1]  0.9998614  1.0001942
ilr.fac1[29,2]  1.0050145  1.0055830
ilr.fac1[29,3]  1.0028439  1.0054530
ilr.fac1[3,1]   1.0035947  1.0056650
ilr.fac1[3,2]   1.0016677  1.0025899
ilr.fac1[3,3]   0.9998144  1.0004387
ilr.fac1[30,1]  1.0017529  1.0021478
ilr.fac1[30,2]  0.9997300  0.9999483
ilr.fac1[30,3]  1.0043808  1.0056596
ilr.fac1[31,1]  1.0019740  1.0027402
ilr.fac1[31,2]  0.9997726  0.9999272
ilr.fac1[31,3]  1.0040915  1.0062500
ilr.fac1[32,1]  1.0024751  1.0053348
ilr.fac1[32,2]  1.0019851  1.0045901
ilr.fac1[32,3]  1.0015327  1.0019959
ilr.fac1[33,1]  0.9998139  1.0006236
ilr.fac1[33,2]  1.0058530  1.0112101
ilr.fac1[33,3]  1.0000737  1.0014703
ilr.fac1[34,1]  1.0006977  1.0023136
ilr.fac1[34,2]  1.0001272  1.0010008
ilr.fac1[34,3]  1.0013050  1.0017670
ilr.fac1[35,1]  1.0025977  1.0073628
ilr.fac1[35,2]  1.0028528  1.0064259
ilr.fac1[35,3]  1.0020656  1.0027580
ilr.fac1[36,1]  1.0034256  1.0092383
ilr.fac1[36,2]  1.0008693  1.0022625
ilr.fac1[36,3]  1.0042878  1.0062522
ilr.fac1[37,1]  1.0009016  1.0035398
ilr.fac1[37,2]  1.0029053  1.0043915
ilr.fac1[37,3]  1.0012430  1.0013925
ilr.fac1[4,1]   1.0009817  1.0023238
ilr.fac1[4,2]   1.0013034  1.0053736
ilr.fac1[4,3]   1.0018799  1.0028512
ilr.fac1[5,1]   1.0044319  1.0055444
ilr.fac1[5,2]   1.0025060  1.0062742
ilr.fac1[5,3]   1.0001990  1.0011244
ilr.fac1[6,1]   0.9998166  1.0001860
ilr.fac1[6,2]   1.0007325  1.0009674
ilr.fac1[6,3]   1.0054085  1.0093075
ilr.fac1[7,1]   1.0011283  1.0028242
ilr.fac1[7,2]   1.0027339  1.0086761
ilr.fac1[7,3]   1.0008093  1.0022930
ilr.fac1[8,1]   1.0054147  1.0055689
ilr.fac1[8,2]   1.0007456  1.0016892
ilr.fac1[8,3]   1.0027688  1.0039506
ilr.fac1[9,1]   1.0017596  1.0037111
ilr.fac1[9,2]   1.0020685  1.0048057
ilr.fac1[9,3]   1.0055900  1.0089252
loglik[1]       1.0001688  1.0008199
loglik[10]      1.0013079  1.0051014
loglik[11]      0.9999435  1.0008875
loglik[12]      1.0004027  1.0023742
loglik[13]      1.0008378  1.0035588
loglik[14]      1.0011989  1.0014715
loglik[15]      1.0019934  1.0051145
loglik[16]      0.9998048  1.0002424
loglik[17]      1.0003978  1.0008401
loglik[18]      1.0007405  1.0025651
loglik[19]      1.0024298  1.0100904
loglik[2]       0.9999865  1.0009145
loglik[20]      1.0014117  1.0047686
loglik[21]      1.0001239  1.0011477
loglik[22]      1.0035008  1.0091793
loglik[23]      0.9997407  1.0001273
loglik[24]      1.0021050  1.0023448
loglik[25]      1.0025829  1.0094055
loglik[26]      1.0005289  1.0027995
loglik[27]      1.0015901  1.0024051
loglik[28]      1.0033424  1.0075271
loglik[29]      1.0016871  1.0030857
loglik[3]       1.0028767  1.0034394
loglik[30]      1.0011884  1.0049694
loglik[31]      1.0007929  1.0012086
loglik[32]      1.0001246  1.0012030
loglik[33]      1.0006328  1.0013320
loglik[34]      1.0014072  1.0032119
loglik[35]      1.0007333  1.0035864
loglik[36]      1.0000360  1.0014332
loglik[37]      1.0001791  1.0014931
loglik[4]       1.0011964  1.0033590
loglik[5]       1.0007108  1.0028749
loglik[6]       1.0003614  1.0004864
loglik[7]       1.0004906  1.0026195
loglik[8]       1.0000780  1.0003178
loglik[9]       1.0010069  1.0027637
p.fac1[1,1]     1.0047111  1.0168660
p.fac1[1,2]     1.0008785  1.0041811
p.fac1[1,3]     1.0031305  1.0120150
p.fac1[1,4]     1.0073766  1.0168883
p.fac1[10,1]    1.0022334  1.0055970
p.fac1[10,2]    1.0053436  1.0119836
p.fac1[10,3]    1.0016167  1.0041846
p.fac1[10,4]    1.0017131  1.0029781
p.fac1[11,1]    1.0012801  1.0032202
p.fac1[11,2]    1.0043295  1.0082653
p.fac1[11,3]    1.0006966  1.0017252
p.fac1[11,4]    1.0022094  1.0067789
p.fac1[12,1]    1.0010226  1.0020311
p.fac1[12,2]    1.0054616  1.0115620
p.fac1[12,3]    1.0004720  1.0008179
p.fac1[12,4]    1.0012025  1.0044999
p.fac1[13,1]    1.0002232  1.0006358
p.fac1[13,2]    1.0040677  1.0125383
p.fac1[13,3]    1.0002109  1.0002910
p.fac1[13,4]    1.0021467  1.0037899
p.fac1[14,1]    1.0018230  1.0055774
p.fac1[14,2]    1.0055227  1.0107396
p.fac1[14,3]    1.0017188  1.0046686
p.fac1[14,4]    1.0003561  1.0018607
p.fac1[15,1]    0.9996506  0.9999548
p.fac1[15,2]    1.0023150  1.0047821
p.fac1[15,3]    0.9997074  1.0000023
p.fac1[15,4]    1.0057425  1.0061765
p.fac1[16,1]    1.0012576  1.0027198
p.fac1[16,2]    1.0045708  1.0128607
p.fac1[16,3]    1.0011418  1.0016484
p.fac1[16,4]    1.0010394  1.0029074
p.fac1[17,1]    1.0014351  1.0047008
p.fac1[17,2]    1.0065883  1.0134719
p.fac1[17,3]    1.0012958  1.0045607
p.fac1[17,4]    1.0024127  1.0033830
p.fac1[18,1]    0.9997701  0.9998814
p.fac1[18,2]    1.0008436  1.0033808
p.fac1[18,3]    1.0001325  1.0003506
p.fac1[18,4]    1.0042751  1.0068507
p.fac1[19,1]    0.9995590  0.9996913
p.fac1[19,2]    1.0057474  1.0135623
p.fac1[19,3]    0.9996280  0.9996304
p.fac1[19,4]    1.0010219  1.0041188
p.fac1[2,1]     1.0025015  1.0081046
p.fac1[2,2]     1.0048292  1.0144768
p.fac1[2,3]     1.0017466  1.0057362
p.fac1[2,4]     1.0008063  1.0011002
p.fac1[20,1]    1.0009730  1.0020245
p.fac1[20,2]    1.0067417  1.0144326
p.fac1[20,3]    1.0009286  1.0021613
p.fac1[20,4]    1.0006791  1.0009640
p.fac1[21,1]    1.0005181  1.0030609
p.fac1[21,2]    1.0000020  1.0005336
p.fac1[21,3]    1.0006933  1.0037960
p.fac1[21,4]    1.0008290  1.0036373
p.fac1[22,1]    1.0001204  1.0017074
p.fac1[22,2]    1.0002780  1.0007247
p.fac1[22,3]    1.0004810  1.0030417
p.fac1[22,4]    1.0027266  1.0043075
p.fac1[23,1]    1.0048499  1.0181774
p.fac1[23,2]    1.0010584  1.0041744
p.fac1[23,3]    1.0046294  1.0172093
p.fac1[23,4]    1.0041222  1.0107303
p.fac1[24,1]    1.0028199  1.0095994
p.fac1[24,2]    1.0000431  1.0003624
p.fac1[24,3]    1.0032077  1.0115888
p.fac1[24,4]    1.0132063  1.0278665
p.fac1[25,1]    1.0054070  1.0201238
p.fac1[25,2]    1.0025766  1.0090830
p.fac1[25,3]    1.0038425  1.0147778
p.fac1[25,4]    1.0035469  1.0079983
p.fac1[26,1]    1.0016575  1.0073021
p.fac1[26,2]    1.0019954  1.0064288
p.fac1[26,3]    1.0014029  1.0063471
p.fac1[26,4]    1.0020230  1.0048205
p.fac1[27,1]    1.0024613  1.0081407
p.fac1[27,2]    1.0020704  1.0070756
p.fac1[27,3]    1.0016702  1.0056601
p.fac1[27,4]    1.0064017  1.0100915
p.fac1[28,1]    1.0018887  1.0080106
p.fac1[28,2]    1.0002634  1.0012441
p.fac1[28,3]    1.0022851  1.0096177
p.fac1[28,4]    1.0013633  1.0051465
p.fac1[29,1]    1.0015060  1.0067098
p.fac1[29,2]    1.0011363  1.0039331
p.fac1[29,3]    1.0012414  1.0058223
p.fac1[29,4]    1.0023827  1.0062641
p.fac1[3,1]     1.0026702  1.0102770
p.fac1[3,2]     1.0030001  1.0073681
p.fac1[3,3]     1.0025976  1.0100727
p.fac1[3,4]     1.0048724  1.0112546
p.fac1[30,1]    1.0009381  1.0045400
p.fac1[30,2]    1.0011732  1.0036724
p.fac1[30,3]    1.0007107  1.0037335
p.fac1[30,4]    1.0040781  1.0051252
p.fac1[31,1]    1.0008152  1.0038410
p.fac1[31,2]    1.0012100  1.0030104
p.fac1[31,3]    1.0006972  1.0034871
p.fac1[31,4]    1.0017400  1.0063967
p.fac1[32,1]    1.0014617  1.0064789
p.fac1[32,2]    1.0106679  1.0183877
p.fac1[32,3]    1.0012636  1.0058745
p.fac1[32,4]    1.0019821  1.0032632
p.fac1[33,1]    1.0024674  1.0095644
p.fac1[33,2]    1.0091333  1.0178023
p.fac1[33,3]    1.0025347  1.0102493
p.fac1[33,4]    1.0048141  1.0101403
p.fac1[34,1]    1.0025018  1.0102458
p.fac1[34,2]    1.0006802  1.0037920
p.fac1[34,3]    1.0022403  1.0090643
p.fac1[34,4]    1.0057782  1.0143250
p.fac1[35,1]    1.0035824  1.0138782
p.fac1[35,2]    1.0086472  1.0191837
p.fac1[35,3]    1.0028604  1.0114848
p.fac1[35,4]    1.0015601  1.0048230
p.fac1[36,1]    1.0026589  1.0098774
p.fac1[36,2]    1.0049664  1.0109210
p.fac1[36,3]    1.0023205  1.0090347
p.fac1[36,4]    1.0045890  1.0098292
p.fac1[37,1]    1.0022041  1.0093808
p.fac1[37,2]    1.0036949  1.0096218
p.fac1[37,3]    1.0019708  1.0084521
p.fac1[37,4]    0.9999757  1.0010109
p.fac1[4,1]     1.0027023  1.0096968
p.fac1[4,2]     1.0043432  1.0099714
p.fac1[4,3]     1.0021097  1.0075310
p.fac1[4,4]     1.0105539  1.0164513
p.fac1[5,1]     1.0005511  1.0007823
p.fac1[5,2]     1.0065279  1.0138652
p.fac1[5,3]     1.0007141  1.0008871
p.fac1[5,4]     1.0035692  1.0062785
p.fac1[6,1]     1.0008690  1.0037721
p.fac1[6,2]     1.0008434  1.0029566
p.fac1[6,3]     1.0008626  1.0038838
p.fac1[6,4]     1.0176819  1.0214982
p.fac1[7,1]     0.9997969  0.9998435
p.fac1[7,2]     1.0062149  1.0127616
p.fac1[7,3]     0.9999220  0.9999832
p.fac1[7,4]     1.0040785  1.0089155
p.fac1[8,1]     1.0028515  1.0065278
p.fac1[8,2]     1.0032887  1.0075717
p.fac1[8,3]     1.0024555  1.0057527
p.fac1[8,4]     1.0002552  1.0014681
p.fac1[9,1]     0.9997296  0.9999121
p.fac1[9,2]     1.0024337  1.0061106
p.fac1[9,3]     0.9996606  0.9997014
p.fac1[9,4]     1.0156204  1.0214992
p.global[1]     1.0029922  1.0111385
p.global[2]     1.0062806  1.0132317
p.global[3]     1.0027624  1.0098614
p.global[4]     1.0016563  1.0055828
resid.prop[1]   1.0017300  1.0038694
resid.prop[2]   0.9997728  1.0003380

################################################################################
# Geweke Diagnostic
################################################################################

The Geweke diagnostic is a standard z-score, so we'd expect 5% to be outside +/-1.96
Number of variables outside +/-1.96 in each chain (out of 
304
):


       Chain 1 Chain 2 Chain 3
Geweke      23       7      44


And here are the Geweke diagnostics for all variables:


