
################################################################################
# Gelman-Rubin Diagnostic
################################################################################

Generally the Gelman diagnostic should be < 1.05


Out of 304 variables: 48 > 1.01

                      
0 > 1.05

                      
0 > 1.1


The worst variables are:

               Point est. Upper C.I.
ilr.fac1[13,3]   1.038423   1.039792
ilr.fac1[1,3]    1.027644   1.037388
deviance         1.026743   1.043355
ilr.fac1[37,2]   1.024598   1.026438
ilr.fac1[16,1]   1.022320   1.027128
ilr.fac1[2,3]    1.022062   1.029008
ilr.fac1[16,3]   1.021884   1.024890
ilr.fac1[27,1]   1.018984   1.022674
ilr.fac1[19,3]   1.018052   1.020110
ilr.fac1[20,2]   1.017886   1.018719


And here are the Gelman diagnostics for all variables:

               Point est. Upper C.I.
deviance        1.0267427  1.0433546
fac1.sig        1.0143631  1.0304571
ilr.fac1[1,1]   1.0010984  1.0025704
ilr.fac1[1,2]   1.0150931  1.0196433
ilr.fac1[1,3]   1.0276435  1.0373875
ilr.fac1[10,1]  1.0071270  1.0084092
ilr.fac1[10,2]  1.0052978  1.0064218
ilr.fac1[10,3]  1.0096918  1.0119266
ilr.fac1[11,1]  0.9998997  1.0004073
ilr.fac1[11,2]  0.9999949  1.0008107
ilr.fac1[11,3]  1.0138895  1.0169436
ilr.fac1[12,1]  1.0091993  1.0167079
ilr.fac1[12,2]  1.0141396  1.0236338
ilr.fac1[12,3]  1.0083759  1.0087093
ilr.fac1[13,1]  1.0045921  1.0063829
ilr.fac1[13,2]  1.0087706  1.0101607
ilr.fac1[13,3]  1.0384230  1.0397919
ilr.fac1[14,1]  1.0020636  1.0021957
ilr.fac1[14,2]  1.0133156  1.0183924
ilr.fac1[14,3]  1.0143091  1.0173069
ilr.fac1[15,1]  1.0047909  1.0048176
ilr.fac1[15,2]  1.0123264  1.0126208
ilr.fac1[15,3]  1.0102975  1.0112656
ilr.fac1[16,1]  1.0223202  1.0271277
ilr.fac1[16,2]  1.0059549  1.0086323
ilr.fac1[16,3]  1.0218841  1.0248899
ilr.fac1[17,1]  1.0065619  1.0102482
ilr.fac1[17,2]  1.0055934  1.0070898
ilr.fac1[17,3]  1.0098996  1.0099143
ilr.fac1[18,1]  1.0014370  1.0043806
ilr.fac1[18,2]  1.0061436  1.0131584
ilr.fac1[18,3]  1.0065517  1.0066788
ilr.fac1[19,1]  1.0083501  1.0094112
ilr.fac1[19,2]  1.0143513  1.0212606
ilr.fac1[19,3]  1.0180524  1.0201099
ilr.fac1[2,1]   1.0011341  1.0022740
ilr.fac1[2,2]   1.0153363  1.0300365
ilr.fac1[2,3]   1.0220616  1.0290079
ilr.fac1[20,1]  1.0164962  1.0173057
ilr.fac1[20,2]  1.0178857  1.0187194
ilr.fac1[20,3]  1.0084243  1.0113105
ilr.fac1[21,1]  1.0150965  1.0161605
ilr.fac1[21,2]  1.0014352  1.0020930
ilr.fac1[21,3]  1.0112438  1.0153090
ilr.fac1[22,1]  1.0081147  1.0088502
ilr.fac1[22,2]  1.0036538  1.0054459
ilr.fac1[22,3]  1.0052457  1.0074820
ilr.fac1[23,1]  1.0170602  1.0216481
ilr.fac1[23,2]  1.0070687  1.0091120
ilr.fac1[23,3]  1.0031616  1.0043785
ilr.fac1[24,1]  1.0038840  1.0039594
ilr.fac1[24,2]  1.0028343  1.0030024
ilr.fac1[24,3]  1.0079011  1.0091450
ilr.fac1[25,1]  1.0039553  1.0060917
ilr.fac1[25,2]  1.0108625  1.0123896
ilr.fac1[25,3]  1.0009450  1.0019276
ilr.fac1[26,1]  1.0162928  1.0234122
ilr.fac1[26,2]  1.0048682  1.0070302
ilr.fac1[26,3]  1.0085288  1.0092002
ilr.fac1[27,1]  1.0189844  1.0226736
ilr.fac1[27,2]  1.0081929  1.0099887
ilr.fac1[27,3]  1.0018590  1.0018752
ilr.fac1[28,1]  1.0074224  1.0126116
ilr.fac1[28,2]  1.0035783  1.0087490
ilr.fac1[28,3]  1.0001433  1.0008367
ilr.fac1[29,1]  1.0034864  1.0041848
ilr.fac1[29,2]  1.0076298  1.0112971
ilr.fac1[29,3]  1.0065138  1.0077658
ilr.fac1[3,1]   1.0090206  1.0117016
ilr.fac1[3,2]   1.0127740  1.0212484
ilr.fac1[3,3]   1.0145402  1.0165002
ilr.fac1[30,1]  1.0099498  1.0122182
ilr.fac1[30,2]  1.0085608  1.0088596
ilr.fac1[30,3]  1.0145101  1.0177170
ilr.fac1[31,1]  1.0123809  1.0222021
ilr.fac1[31,2]  1.0171049  1.0171924
ilr.fac1[31,3]  1.0002501  1.0004491
ilr.fac1[32,1]  1.0120233  1.0188366
ilr.fac1[32,2]  1.0057977  1.0080718
ilr.fac1[32,3]  1.0053304  1.0065511
ilr.fac1[33,1]  1.0077736  1.0082421
ilr.fac1[33,2]  1.0090864  1.0149267
ilr.fac1[33,3]  1.0162662  1.0176517
ilr.fac1[34,1]  1.0074438  1.0106134
ilr.fac1[34,2]  1.0053638  1.0079318
ilr.fac1[34,3]  1.0049614  1.0055233
ilr.fac1[35,1]  1.0147754  1.0157464
ilr.fac1[35,2]  1.0031497  1.0051362
ilr.fac1[35,3]  1.0164890  1.0180292
ilr.fac1[36,1]  1.0102383  1.0140832
ilr.fac1[36,2]  1.0095670  1.0172340
ilr.fac1[36,3]  1.0071778  1.0101512
ilr.fac1[37,1]  1.0020795  1.0024716
ilr.fac1[37,2]  1.0245977  1.0264378
ilr.fac1[37,3]  1.0061618  1.0069221
ilr.fac1[4,1]   1.0145125  1.0159294
ilr.fac1[4,2]   1.0059613  1.0069256
ilr.fac1[4,3]   1.0063925  1.0119687
ilr.fac1[5,1]   1.0111831  1.0168301
ilr.fac1[5,2]   1.0053735  1.0061222
ilr.fac1[5,3]   1.0037485  1.0080792
ilr.fac1[6,1]   1.0123983  1.0132034
ilr.fac1[6,2]   1.0059138  1.0059765
ilr.fac1[6,3]   1.0091990  1.0106661
ilr.fac1[7,1]   1.0140776  1.0227129
ilr.fac1[7,2]   1.0044585  1.0055872
ilr.fac1[7,3]   1.0031425  1.0037872
ilr.fac1[8,1]   1.0045014  1.0082328
ilr.fac1[8,2]   1.0068337  1.0071416
ilr.fac1[8,3]   1.0061584  1.0079160
ilr.fac1[9,1]   1.0099669  1.0152619
ilr.fac1[9,2]   1.0132953  1.0139041
ilr.fac1[9,3]   1.0046874  1.0066692
loglik[1]       1.0030185  1.0088975
loglik[10]      1.0058970  1.0125683
loglik[11]      1.0138423  1.0157195
loglik[12]      1.0127579  1.0191770
loglik[13]      1.0077389  1.0123579
loglik[14]      1.0105573  1.0119442
loglik[15]      1.0068918  1.0096520
loglik[16]      1.0082811  1.0148538
loglik[17]      1.0120470  1.0154252
loglik[18]      1.0063864  1.0187894
loglik[19]      1.0082935  1.0100061
loglik[2]       1.0041892  1.0138959
loglik[20]      1.0131405  1.0192537
loglik[21]      1.0040565  1.0095487
loglik[22]      1.0061391  1.0114904
loglik[23]      1.0066327  1.0148697
loglik[24]      1.0095380  1.0134644
loglik[25]      1.0123168  1.0199615
loglik[26]      1.0047123  1.0084761
loglik[27]      1.0056166  1.0155964
loglik[28]      1.0029175  1.0083029
loglik[29]      1.0041097  1.0101528
loglik[3]       1.0054796  1.0134428
loglik[30]      1.0076794  1.0166798
loglik[31]      1.0027822  1.0098337
loglik[32]      1.0032796  1.0068236
loglik[33]      1.0132162  1.0243995
loglik[34]      1.0097916  1.0170771
loglik[35]      1.0088500  1.0136631
loglik[36]      1.0056879  1.0124943
loglik[37]      1.0032100  1.0099696
loglik[4]       1.0068174  1.0134571
loglik[5]       1.0096831  1.0129600
loglik[6]       1.0053298  1.0075954
loglik[7]       1.0082876  1.0151962
loglik[8]       1.0040301  1.0105379
loglik[9]       1.0058447  1.0088252
p.fac1[1,1]     1.0016381  1.0073119
p.fac1[1,2]     1.0035605  1.0120299
p.fac1[1,3]     1.0013417  1.0034773
p.fac1[1,4]     1.0051203  1.0062915
p.fac1[10,1]    1.0014683  1.0055639
p.fac1[10,2]    1.0016779  1.0041809
p.fac1[10,3]    1.0005460  1.0031601
p.fac1[10,4]    1.0013651  1.0031464
p.fac1[11,1]    1.0019752  1.0073480
p.fac1[11,2]    1.0023365  1.0060816
p.fac1[11,3]    1.0006875  1.0037033
p.fac1[11,4]    1.0011204  1.0029799
p.fac1[12,1]    1.0016474  1.0064492
p.fac1[12,2]    1.0015192  1.0039420
p.fac1[12,3]    1.0013435  1.0062264
p.fac1[12,4]    1.0004693  1.0013900
p.fac1[13,1]    1.0030758  1.0104118
p.fac1[13,2]    1.0035849  1.0100915
p.fac1[13,3]    1.0006194  1.0033772
p.fac1[13,4]    1.0002147  1.0015771
p.fac1[14,1]    1.0021069  1.0077867
p.fac1[14,2]    1.0024927  1.0069570
p.fac1[14,3]    1.0004959  1.0028676
p.fac1[14,4]    1.0013963  1.0036084
p.fac1[15,1]    1.0025211  1.0089413
p.fac1[15,2]    1.0028386  1.0082657
p.fac1[15,3]    1.0005797  1.0032763
p.fac1[15,4]    1.0000020  1.0011325
p.fac1[16,1]    1.0030123  1.0108887
p.fac1[16,2]    1.0033300  1.0092237
p.fac1[16,3]    1.0012302  1.0058042
p.fac1[16,4]    1.0001128  1.0012535
p.fac1[17,1]    1.0029291  1.0104967
p.fac1[17,2]    1.0035843  1.0103171
p.fac1[17,3]    1.0010344  1.0048805
p.fac1[17,4]    0.9997318  0.9999708
p.fac1[18,1]    1.0027795  1.0102562
p.fac1[18,2]    1.0023093  1.0076329
p.fac1[18,3]    1.0013921  1.0064028
p.fac1[18,4]    1.0004300  1.0014920
p.fac1[19,1]    1.0034030  1.0115697
p.fac1[19,2]    1.0034987  1.0093870
p.fac1[19,3]    1.0014780  1.0065616
p.fac1[19,4]    1.0004216  1.0013357
p.fac1[2,1]     1.0016565  1.0073339
p.fac1[2,2]     1.0038626  1.0125100
p.fac1[2,3]     1.0008672  1.0026156
p.fac1[2,4]     1.0097377  1.0127499
p.fac1[20,1]    1.0016578  1.0062683
p.fac1[20,2]    1.0015285  1.0040482
p.fac1[20,3]    1.0010498  1.0051879
p.fac1[20,4]    0.9999689  1.0006176
p.fac1[21,1]    1.0024610  1.0087749
p.fac1[21,2]    1.0028558  1.0078122
p.fac1[21,3]    1.0007922  1.0041330
p.fac1[21,4]    1.0017191  1.0031952
p.fac1[22,1]    1.0019665  1.0073287
p.fac1[22,2]    1.0019994  1.0054211
p.fac1[22,3]    1.0008874  1.0045518
p.fac1[22,4]    1.0015083  1.0029939
p.fac1[23,1]    1.0019922  1.0072892
p.fac1[23,2]    1.0022331  1.0057002
p.fac1[23,3]    1.0010277  1.0050427
p.fac1[23,4]    1.0019045  1.0039956
p.fac1[24,1]    1.0022866  1.0085219
p.fac1[24,2]    1.0024298  1.0073061
p.fac1[24,3]    1.0008388  1.0042424
p.fac1[24,4]    1.0002059  1.0010064
p.fac1[25,1]    1.0019771  1.0079948
p.fac1[25,2]    1.0025651  1.0085440
p.fac1[25,3]    1.0003835  1.0025052
p.fac1[25,4]    1.0006961  1.0019978
p.fac1[26,1]    1.0033907  1.0118694
p.fac1[26,2]    1.0039678  1.0120498
p.fac1[26,3]    1.0009304  1.0036818
p.fac1[26,4]    1.0014508  1.0030557
p.fac1[27,1]    1.0022459  1.0074615
p.fac1[27,2]    1.0030486  1.0064189
p.fac1[27,3]    1.0009152  1.0044844
p.fac1[27,4]    1.0008719  1.0026332
p.fac1[28,1]    1.0022685  1.0082630
p.fac1[28,2]    1.0032479  1.0085466
p.fac1[28,3]    1.0005088  1.0028084
p.fac1[28,4]    1.0012856  1.0031315
p.fac1[29,1]    1.0020408  1.0074601
p.fac1[29,2]    1.0024568  1.0075930
p.fac1[29,3]    1.0002640  1.0022390
p.fac1[29,4]    1.0002629  1.0012748
p.fac1[3,1]     1.0020829  1.0084969
p.fac1[3,2]     1.0035825  1.0116150
p.fac1[3,3]     1.0007484  1.0026401
p.fac1[3,4]     1.0019090  1.0032940
p.fac1[30,1]    1.0023626  1.0087007
p.fac1[30,2]    1.0025279  1.0074321
p.fac1[30,3]    1.0006412  1.0036930
p.fac1[30,4]    1.0004813  1.0021578
p.fac1[31,1]    1.0029430  1.0098669
p.fac1[31,2]    1.0030818  1.0093631
p.fac1[31,3]    1.0006009  1.0028997
p.fac1[31,4]    1.0015857  1.0040085
p.fac1[32,1]    1.0026892  1.0093197
p.fac1[32,2]    1.0034445  1.0084649
p.fac1[32,3]    1.0007143  1.0036020
p.fac1[32,4]    1.0019305  1.0050628
p.fac1[33,1]    1.0017986  1.0067454
p.fac1[33,2]    1.0013524  1.0042247
p.fac1[33,3]    1.0006951  1.0038350
p.fac1[33,4]    1.0019005  1.0047800
p.fac1[34,1]    1.0022926  1.0083517
p.fac1[34,2]    1.0020837  1.0062427
p.fac1[34,3]    1.0009576  1.0048285
p.fac1[34,4]    1.0009477  1.0029884
p.fac1[35,1]    1.0026279  1.0096355
p.fac1[35,2]    1.0024086  1.0074779
p.fac1[35,3]    1.0009729  1.0048872
p.fac1[35,4]    1.0007458  1.0025682
p.fac1[36,1]    1.0011772  1.0049994
p.fac1[36,2]    1.0010262  1.0026040
p.fac1[36,3]    1.0015673  1.0070090
p.fac1[36,4]    1.0017460  1.0046567
p.fac1[37,1]    1.0020152  1.0078152
p.fac1[37,2]    1.0017990  1.0057234
p.fac1[37,3]    1.0008033  1.0042225
p.fac1[37,4]    1.0009645  1.0025835
p.fac1[4,1]     1.0022264  1.0080749
p.fac1[4,2]     1.0032108  1.0088391
p.fac1[4,3]     1.0006418  1.0035066
p.fac1[4,4]     0.9995997  0.9997983
p.fac1[5,1]     1.0012719  1.0053233
p.fac1[5,2]     1.0019614  1.0052017
p.fac1[5,3]     1.0004823  1.0029845
p.fac1[5,4]     0.9997280  1.0000085
p.fac1[6,1]     1.0031962  1.0107284
p.fac1[6,2]     1.0032210  1.0088430
p.fac1[6,3]     1.0008027  1.0042734
p.fac1[6,4]     1.0007986  1.0027370
p.fac1[7,1]     1.0014087  1.0057354
p.fac1[7,2]     1.0017356  1.0051180
p.fac1[7,3]     1.0006401  1.0035568
p.fac1[7,4]     1.0010400  1.0023079
p.fac1[8,1]     1.0018680  1.0064933
p.fac1[8,2]     1.0015268  1.0040653
p.fac1[8,3]     1.0007972  1.0041528
p.fac1[8,4]     1.0005656  1.0021763
p.fac1[9,1]     1.0013699  1.0053068
p.fac1[9,2]     1.0017619  1.0047909
p.fac1[9,3]     1.0004456  1.0026175
p.fac1[9,4]     1.0002682  1.0012293
p.global[1]     1.0025331  1.0093329
p.global[2]     1.0026578  1.0078120
p.global[3]     1.0008300  1.0042930
p.global[4]     1.0013872  1.0032895
resid.prop[1]   1.0024282  1.0093252
resid.prop[2]   1.0006058  1.0012097

################################################################################
# Geweke Diagnostic
################################################################################

The Geweke diagnostic is a standard z-score, so we'd expect 5% to be outside +/-1.96
Number of variables outside +/-1.96 in each chain (out of 
304
):


       Chain 1 Chain 2 Chain 3
Geweke      47      42      11


And here are the Geweke diagnostics for all variables:


