
################################################################################
# Gelman-Rubin Diagnostic
################################################################################

Generally the Gelman diagnostic should be < 1.05


Out of 336 variables: 91 > 1.01

                      
63 > 1.05

                      
7 > 1.1


The worst variables are:

             Point est. Upper C.I.
p.global[1]    1.119911   1.200969
p.fac1[1,1]    1.113121   1.181290
p.fac1[9,1]    1.109157   1.178991
p.fac1[7,1]    1.106752   1.168931
p.fac1[16,1]   1.105696   1.166142
p.fac1[19,1]   1.101748   1.168772
p.global[3]    1.101260   1.159049
p.fac1[23,1]   1.097918   1.158723
p.fac1[10,1]   1.096444   1.153039
p.fac1[6,1]    1.096232   1.150633


And here are the Gelman diagnostics for all variables:

               Point est. Upper C.I.
deviance        1.0100668  1.0358317
fac1.sig        1.0200726  1.0467194
ilr.fac1[1,1]   1.0013139  1.0016368
ilr.fac1[1,2]   1.0012151  1.0053011
ilr.fac1[1,3]   1.0008203  1.0039607
ilr.fac1[10,1]  1.0022318  1.0039123
ilr.fac1[10,2]  1.0008557  1.0036712
ilr.fac1[10,3]  1.0012362  1.0053133
ilr.fac1[11,1]  1.0047428  1.0064526
ilr.fac1[11,2]  1.0024226  1.0048432
ilr.fac1[11,3]  1.0010432  1.0021439
ilr.fac1[12,1]  1.0012211  1.0030409
ilr.fac1[12,2]  1.0009900  1.0031287
ilr.fac1[12,3]  1.0005450  1.0023483
ilr.fac1[13,1]  1.0008957  1.0019359
ilr.fac1[13,2]  1.0004998  1.0021974
ilr.fac1[13,3]  1.0000394  1.0005037
ilr.fac1[14,1]  0.9998325  1.0006278
ilr.fac1[14,2]  1.0003093  1.0012269
ilr.fac1[14,3]  1.0016941  1.0051288
ilr.fac1[15,1]  1.0002433  1.0010009
ilr.fac1[15,2]  1.0013699  1.0025544
ilr.fac1[15,3]  1.0005180  1.0025082
ilr.fac1[16,1]  1.0013991  1.0037963
ilr.fac1[16,2]  0.9998872  1.0008325
ilr.fac1[16,3]  0.9999214  1.0002581
ilr.fac1[17,1]  1.0023463  1.0034144
ilr.fac1[17,2]  1.0007673  1.0035319
ilr.fac1[17,3]  1.0016408  1.0046882
ilr.fac1[18,1]  1.0023421  1.0032257
ilr.fac1[18,2]  1.0019970  1.0078969
ilr.fac1[18,3]  1.0021056  1.0026237
ilr.fac1[19,1]  1.0012476  1.0017977
ilr.fac1[19,2]  1.0028113  1.0038814
ilr.fac1[19,3]  1.0011317  1.0018892
ilr.fac1[2,1]   0.9997016  1.0000649
ilr.fac1[2,2]   1.0020066  1.0086649
ilr.fac1[2,3]   1.0009932  1.0047466
ilr.fac1[20,1]  1.0007901  1.0015507
ilr.fac1[20,2]  0.9998945  1.0008076
ilr.fac1[20,3]  1.0011266  1.0011975
ilr.fac1[21,1]  1.0022504  1.0085214
ilr.fac1[21,2]  1.0012812  1.0017940
ilr.fac1[21,3]  1.0002314  1.0009962
ilr.fac1[22,1]  1.0019711  1.0041795
ilr.fac1[22,2]  1.0008394  1.0032441
ilr.fac1[22,3]  1.0022177  1.0038287
ilr.fac1[23,1]  1.0019646  1.0079912
ilr.fac1[23,2]  0.9999297  1.0001041
ilr.fac1[23,3]  1.0008013  1.0022032
ilr.fac1[24,1]  1.0062335  1.0174794
ilr.fac1[24,2]  1.0000296  1.0004017
ilr.fac1[24,3]  0.9999615  1.0005064
ilr.fac1[25,1]  1.0037655  1.0067792
ilr.fac1[25,2]  0.9999965  1.0000924
ilr.fac1[25,3]  1.0024926  1.0075001
ilr.fac1[26,1]  1.0000745  1.0014702
ilr.fac1[26,2]  0.9999108  1.0000599
ilr.fac1[26,3]  1.0018597  1.0030423
ilr.fac1[27,1]  1.0008146  1.0022680
ilr.fac1[27,2]  1.0010236  1.0039623
ilr.fac1[27,3]  1.0022311  1.0090476
ilr.fac1[28,1]  1.0010921  1.0038501
ilr.fac1[28,2]  1.0001259  1.0002358
ilr.fac1[28,3]  0.9999964  1.0008645
ilr.fac1[29,1]  1.0005223  1.0006072
ilr.fac1[29,2]  1.0011719  1.0040370
ilr.fac1[29,3]  1.0034283  1.0105482
ilr.fac1[3,1]   0.9997351  0.9999627
ilr.fac1[3,2]   1.0028217  1.0073234
ilr.fac1[3,3]   1.0006714  1.0029617
ilr.fac1[30,1]  1.0007292  1.0017225
ilr.fac1[30,2]  1.0020612  1.0029113
ilr.fac1[30,3]  1.0016878  1.0043530
ilr.fac1[31,1]  1.0051164  1.0131805
ilr.fac1[31,2]  1.0003426  1.0003489
ilr.fac1[31,3]  1.0022418  1.0057767
ilr.fac1[32,1]  0.9999751  1.0007681
ilr.fac1[32,2]  1.0036648  1.0085986
ilr.fac1[32,3]  1.0070583  1.0262111
ilr.fac1[33,1]  1.0013258  1.0015347
ilr.fac1[33,2]  1.0018329  1.0061689
ilr.fac1[33,3]  0.9999647  0.9999788
ilr.fac1[34,1]  1.0013090  1.0025914
ilr.fac1[34,2]  1.0008332  1.0038365
ilr.fac1[34,3]  1.0015448  1.0065811
ilr.fac1[35,1]  1.0005218  1.0005700
ilr.fac1[35,2]  1.0024928  1.0079494
ilr.fac1[35,3]  1.0011604  1.0055958
ilr.fac1[36,1]  0.9998750  1.0001989
ilr.fac1[36,2]  1.0038400  1.0148641
ilr.fac1[36,3]  1.0017832  1.0072780
ilr.fac1[37,1]  0.9997449  1.0001260
ilr.fac1[37,2]  1.0013000  1.0046964
ilr.fac1[37,3]  1.0008071  1.0038739
ilr.fac1[38,1]  0.9998575  1.0007119
ilr.fac1[38,2]  1.0066438  1.0248182
ilr.fac1[38,3]  1.0025416  1.0060277
ilr.fac1[39,1]  1.0017628  1.0044472
ilr.fac1[39,2]  1.0044980  1.0123164
ilr.fac1[39,3]  1.0076409  1.0222571
ilr.fac1[4,1]   0.9996235  0.9998436
ilr.fac1[4,2]   1.0007515  1.0031933
ilr.fac1[4,3]   1.0021081  1.0029994
ilr.fac1[40,1]  1.0016624  1.0071440
ilr.fac1[40,2]  1.0033573  1.0126958
ilr.fac1[40,3]  1.0020886  1.0039891
ilr.fac1[41,1]  1.0006207  1.0030261
ilr.fac1[41,2]  1.0096940  1.0335996
ilr.fac1[41,3]  1.0017212  1.0075543
ilr.fac1[5,1]   1.0013141  1.0023362
ilr.fac1[5,2]   1.0012346  1.0049195
ilr.fac1[5,3]   1.0010128  1.0034171
ilr.fac1[6,1]   1.0012005  1.0015959
ilr.fac1[6,2]   1.0007440  1.0035536
ilr.fac1[6,3]   1.0008603  1.0030139
ilr.fac1[7,1]   1.0032833  1.0053843
ilr.fac1[7,2]   1.0030665  1.0058867
ilr.fac1[7,3]   1.0019220  1.0046955
ilr.fac1[8,1]   1.0027921  1.0052482
ilr.fac1[8,2]   1.0009721  1.0048757
ilr.fac1[8,3]   1.0002327  1.0018013
ilr.fac1[9,1]   1.0022217  1.0078514
ilr.fac1[9,2]   1.0008601  1.0021145
ilr.fac1[9,3]   1.0110156  1.0387180
loglik[1]       1.0034248  1.0105194
loglik[10]      1.0071472  1.0196427
loglik[11]      1.0037168  1.0133961
loglik[12]      1.0040207  1.0158221
loglik[13]      1.0004248  1.0005886
loglik[14]      1.0051477  1.0190494
loglik[15]      1.0036184  1.0141069
loglik[16]      1.0045119  1.0171952
loglik[17]      1.0052470  1.0183808
loglik[18]      1.0085403  1.0293406
loglik[19]      1.0037738  1.0137609
loglik[2]       1.0085795  1.0276525
loglik[20]      1.0023470  1.0095549
loglik[21]      1.0046353  1.0115420
loglik[22]      1.0052730  1.0180194
loglik[23]      1.0057329  1.0207828
loglik[24]      1.0010692  1.0036911
loglik[25]      1.0052584  1.0175842
loglik[26]      1.0028028  1.0073204
loglik[27]      1.0025635  1.0033737
loglik[28]      1.0030250  1.0092932
loglik[29]      1.0023624  1.0076295
loglik[3]       1.0038045  1.0138989
loglik[30]      1.0046222  1.0115006
loglik[31]      1.0043551  1.0140741
loglik[32]      1.0035722  1.0111752
loglik[33]      1.0044251  1.0111708
loglik[34]      1.0015797  1.0057595
loglik[35]      1.0054450  1.0198270
loglik[36]      1.0014297  1.0059316
loglik[37]      1.0010486  1.0043338
loglik[38]      1.0076732  1.0288994
loglik[39]      1.0147609  1.0517001
loglik[4]       1.0033844  1.0131733
loglik[40]      1.0019047  1.0077618
loglik[41]      1.0140527  1.0480525
loglik[5]       1.0017386  1.0069399
loglik[6]       1.0025309  1.0097260
loglik[7]       1.0033266  1.0048544
loglik[8]       1.0018658  1.0058912
loglik[9]       1.0051207  1.0173887
p.fac1[1,1]     1.1131206  1.1812898
p.fac1[1,2]     1.0013919  1.0037972
p.fac1[1,3]     1.0929852  1.1448051
p.fac1[1,4]     0.9999206  1.0004024
p.fac1[10,1]    1.0964435  1.1530392
p.fac1[10,2]    0.9996227  0.9996272
p.fac1[10,3]    1.0765400  1.1238209
p.fac1[10,4]    0.9999224  1.0002972
p.fac1[11,1]    1.0932925  1.1410895
p.fac1[11,2]    1.0028738  1.0058340
p.fac1[11,3]    1.0751952  1.1101137
p.fac1[11,4]    1.0015864  1.0027206
p.fac1[12,1]    1.0729980  1.1144832
p.fac1[12,2]    0.9998823  1.0002888
p.fac1[12,3]    1.0615497  1.0941904
p.fac1[12,4]    0.9999593  1.0003871
p.fac1[13,1]    1.0622139  1.1018074
p.fac1[13,2]    1.0007292  1.0022150
p.fac1[13,3]    1.0459775  1.0750447
p.fac1[13,4]    1.0017436  1.0051179
p.fac1[14,1]    1.0881187  1.1331743
p.fac1[14,2]    1.0023653  1.0043076
p.fac1[14,3]    1.0689722  1.1029564
p.fac1[14,4]    1.0004374  1.0007259
p.fac1[15,1]    1.0729314  1.1094640
p.fac1[15,2]    1.0012058  1.0018488
p.fac1[15,3]    1.0572493  1.0838220
p.fac1[15,4]    1.0001463  1.0018795
p.fac1[16,1]    1.1056958  1.1661417
p.fac1[16,2]    1.0007023  1.0021949
p.fac1[16,3]    1.0832186  1.1270022
p.fac1[16,4]    1.0002795  1.0004379
p.fac1[17,1]    1.0914634  1.1434896
p.fac1[17,2]    1.0006075  1.0033906
p.fac1[17,3]    1.0736508  1.1072643
p.fac1[17,4]    1.0010952  1.0046385
p.fac1[18,1]    1.0711547  1.1070429
p.fac1[18,2]    1.0052922  1.0120680
p.fac1[18,3]    1.0564886  1.0826172
p.fac1[18,4]    1.0000684  1.0014219
p.fac1[19,1]    1.1017484  1.1687721
p.fac1[19,2]    0.9999296  1.0010315
p.fac1[19,3]    1.0822488  1.1328737
p.fac1[19,4]    0.9997486  1.0001085
p.fac1[2,1]     1.0914739  1.1508011
p.fac1[2,2]     1.0009494  1.0023989
p.fac1[2,3]     1.0754231  1.1257902
p.fac1[2,4]     1.0014099  1.0025002
p.fac1[20,1]    1.0762608  1.1298531
p.fac1[20,2]    1.0021613  1.0031334
p.fac1[20,3]    1.0569068  1.0934450
p.fac1[20,4]    1.0012055  1.0053189
p.fac1[21,1]    1.0753569  1.1229096
p.fac1[21,2]    1.0007196  1.0026561
p.fac1[21,3]    1.0602182  1.0961680
p.fac1[21,4]    1.0017995  1.0056139
p.fac1[22,1]    1.0818352  1.1294327
p.fac1[22,2]    1.0022834  1.0029168
p.fac1[22,3]    1.0660249  1.1065621
p.fac1[22,4]    1.0001153  1.0001231
p.fac1[23,1]    1.0979180  1.1587232
p.fac1[23,2]    1.0063769  1.0114250
p.fac1[23,3]    1.0760085  1.1155937
p.fac1[23,4]    1.0011541  1.0018946
p.fac1[24,1]    1.0618874  1.0949975
p.fac1[24,2]    1.0042347  1.0113030
p.fac1[24,3]    1.0490419  1.0719036
p.fac1[24,4]    1.0013357  1.0052516
p.fac1[25,1]    1.0910746  1.1503014
p.fac1[25,2]    1.0034724  1.0061903
p.fac1[25,3]    1.0673369  1.1003693
p.fac1[25,4]    1.0071327  1.0209401
p.fac1[26,1]    1.0574208  1.0917313
p.fac1[26,2]    1.0005335  1.0011893
p.fac1[26,3]    1.0404098  1.0614128
p.fac1[26,4]    1.0024420  1.0092168
p.fac1[27,1]    1.0613692  1.0952435
p.fac1[27,2]    1.0013913  1.0039961
p.fac1[27,3]    1.0395403  1.0558467
p.fac1[27,4]    1.0046184  1.0172896
p.fac1[28,1]    1.0666458  1.1074866
p.fac1[28,2]    1.0005855  1.0010378
p.fac1[28,3]    1.0526431  1.0817728
p.fac1[28,4]    1.0008726  1.0025083
p.fac1[29,1]    1.0843324  1.1269419
p.fac1[29,2]    0.9998186  1.0005075
p.fac1[29,3]    1.0681376  1.1002932
p.fac1[29,4]    1.0001906  1.0016543
p.fac1[3,1]     1.0948719  1.1529752
p.fac1[3,2]     0.9996812  0.9999323
p.fac1[3,3]     1.0772082  1.1224315
p.fac1[3,4]     1.0003420  1.0018477
p.fac1[30,1]    1.0859228  1.1393590
p.fac1[30,2]    1.0031942  1.0076235
p.fac1[30,3]    1.0663304  1.1016449
p.fac1[30,4]    1.0000693  1.0015486
p.fac1[31,1]    1.0866013  1.1348832
p.fac1[31,2]    1.0033262  1.0060461
p.fac1[31,3]    1.0713862  1.1084901
p.fac1[31,4]    1.0002274  1.0015592
p.fac1[32,1]    1.0538942  1.0981154
p.fac1[32,2]    1.0002591  1.0015071
p.fac1[32,3]    1.0274048  1.0404469
p.fac1[32,4]    1.0078825  1.0294064
p.fac1[33,1]    1.0712274  1.1134453
p.fac1[33,2]    1.0052275  1.0141178
p.fac1[33,3]    1.0574182  1.0851073
p.fac1[33,4]    1.0028307  1.0111708
p.fac1[34,1]    1.0386102  1.0674270
p.fac1[34,2]    1.0007207  1.0027794
p.fac1[34,3]    1.0191183  1.0319955
p.fac1[34,4]    1.0041544  1.0163987
p.fac1[35,1]    1.0440688  1.0751442
p.fac1[35,2]    1.0015652  1.0062097
p.fac1[35,3]    1.0295417  1.0489264
p.fac1[35,4]    1.0066556  1.0235236
p.fac1[36,1]    1.0359290  1.0565219
p.fac1[36,2]    1.0038440  1.0098255
p.fac1[36,3]    1.0209469  1.0291530
p.fac1[36,4]    1.0043929  1.0168515
p.fac1[37,1]    1.0437686  1.0717797
p.fac1[37,2]    1.0001594  1.0018820
p.fac1[37,3]    1.0281386  1.0395812
p.fac1[37,4]    1.0047902  1.0178463
p.fac1[38,1]    1.0302272  1.0528314
p.fac1[38,2]    1.0031704  1.0099604
p.fac1[38,3]    1.0228379  1.0432179
p.fac1[38,4]    1.0073230  1.0271884
p.fac1[39,1]    1.0328284  1.0560251
p.fac1[39,2]    1.0008815  1.0041265
p.fac1[39,3]    1.0197574  1.0304819
p.fac1[39,4]    1.0105808  1.0384501
p.fac1[4,1]     1.0960301  1.1500672
p.fac1[4,2]     1.0010968  1.0024465
p.fac1[4,3]     1.0733134  1.1109195
p.fac1[4,4]     1.0008230  1.0033109
p.fac1[40,1]    1.0294074  1.0497024
p.fac1[40,2]    1.0027327  1.0101970
p.fac1[40,3]    1.0155766  1.0227785
p.fac1[40,4]    1.0035284  1.0141185
p.fac1[41,1]    1.0232853  1.0386700
p.fac1[41,2]    1.0018261  1.0080225
p.fac1[41,3]    1.0123335  1.0245571
p.fac1[41,4]    1.0083586  1.0313443
p.fac1[5,1]     1.0915279  1.1436226
p.fac1[5,2]     1.0017650  1.0029284
p.fac1[5,3]     1.0751670  1.1207608
p.fac1[5,4]     1.0017310  1.0025010
p.fac1[6,1]     1.0962319  1.1506333
p.fac1[6,2]     1.0028649  1.0045428
p.fac1[6,3]     1.0785113  1.1178198
p.fac1[6,4]     1.0018458  1.0031681
p.fac1[7,1]     1.1067518  1.1689306
p.fac1[7,2]     1.0011832  1.0026151
p.fac1[7,3]     1.0857682  1.1291729
p.fac1[7,4]     1.0008345  1.0017509
p.fac1[8,1]     1.0867444  1.1386170
p.fac1[8,2]     1.0016216  1.0021517
p.fac1[8,3]     1.0736674  1.1184688
p.fac1[8,4]     1.0011571  1.0014350
p.fac1[9,1]     1.1091573  1.1789911
p.fac1[9,2]     1.0014835  1.0042173
p.fac1[9,3]     1.0926005  1.1488964
p.fac1[9,4]     1.0070797  1.0163424
p.global[1]     1.1199115  1.2009693
p.global[2]     1.0002973  1.0008305
p.global[3]     1.1012598  1.1590490
p.global[4]     1.0011658  1.0055707
resid.prop[1]   1.0021805  1.0047637
resid.prop[2]   1.0181724  1.0489792

################################################################################
# Geweke Diagnostic
################################################################################

The Geweke diagnostic is a standard z-score, so we'd expect 5% to be outside +/-1.96
Number of variables outside +/-1.96 in each chain (out of 
336
):


       Chain 1 Chain 2 Chain 3
Geweke      21      39       6


And here are the Geweke diagnostics for all variables:


