
#################################################################
# Summary Statistics
#################################################################

DIC = 515.9199

                           Mean    SD  2.5%    5%   25%   50%   75%   95% 97.5%
Epsilon.1                 0.932 0.366 0.347 0.440 0.691 0.880 1.126 1.593 1.800
Epsilon.2                 0.045 0.035 0.005 0.007 0.019 0.037 0.062 0.108 0.127
Age.SD                    0.628 0.298 0.059 0.094 0.442 0.642 0.815 1.107 1.201
p.global.Algae            0.061 0.102 0.002 0.003 0.015 0.035 0.069 0.178 0.293
p.global.Aquatic_plants   0.018 0.011 0.001 0.002 0.009 0.016 0.025 0.039 0.044
p.global.Soil             0.882 0.106 0.651 0.765 0.866 0.904 0.933 0.962 0.968
p.global.Terrestrial      0.039 0.026 0.002 0.004 0.019 0.034 0.054 0.089 0.101
p.Age -50.Algae           0.053 0.107 0.001 0.001 0.008 0.022 0.056 0.179 0.326
p.Age 150.Algae           0.057 0.111 0.001 0.001 0.008 0.024 0.061 0.189 0.389
p.Age 350.Algae           0.060 0.108 0.001 0.002 0.010 0.028 0.069 0.192 0.327
p.Age 549.Algae           0.061 0.107 0.001 0.002 0.010 0.029 0.069 0.191 0.332
p.Age 749.Algae           0.055 0.109 0.001 0.001 0.008 0.023 0.058 0.176 0.328
p.Age 949.Algae           0.057 0.111 0.001 0.001 0.008 0.024 0.061 0.187 0.360
p.Age 1149.Algae          0.056 0.109 0.001 0.001 0.008 0.024 0.058 0.203 0.335
p.Age 1349.Algae          0.063 0.112 0.001 0.002 0.010 0.027 0.069 0.217 0.370
p.Age 1548.Algae          0.058 0.112 0.001 0.001 0.009 0.025 0.063 0.190 0.341
p.Age 1748.Algae          0.063 0.109 0.001 0.002 0.011 0.030 0.072 0.219 0.338
p.Age 1948.Algae          0.061 0.111 0.001 0.001 0.009 0.027 0.068 0.211 0.357
p.Age 2148.Algae          0.064 0.113 0.001 0.002 0.010 0.030 0.072 0.214 0.363
p.Age 2348.Algae          0.076 0.129 0.001 0.002 0.010 0.029 0.083 0.315 0.473
p.Age 2547.Algae          0.063 0.114 0.001 0.001 0.009 0.028 0.070 0.222 0.367
p.Age 2747.Algae          0.064 0.115 0.001 0.002 0.010 0.028 0.069 0.241 0.383
p.Age 2947.Algae          0.059 0.107 0.001 0.002 0.009 0.026 0.065 0.197 0.334
p.Age 3147.Algae          0.059 0.112 0.001 0.002 0.009 0.026 0.065 0.202 0.380
p.Age 3347.Algae          0.064 0.116 0.001 0.002 0.009 0.028 0.067 0.230 0.393
p.Age 3546.Algae          0.056 0.110 0.001 0.001 0.008 0.024 0.059 0.204 0.339
p.Age 3746.Algae          0.070 0.116 0.001 0.002 0.010 0.031 0.077 0.276 0.404
p.Age 3946.Algae          0.067 0.117 0.001 0.002 0.011 0.029 0.071 0.244 0.412
p.Age 4146.Algae          0.067 0.110 0.001 0.002 0.011 0.033 0.076 0.226 0.371
p.Age 4346.Algae          0.063 0.110 0.001 0.002 0.010 0.031 0.070 0.210 0.355
p.Age 4545.Algae          0.069 0.113 0.001 0.002 0.011 0.032 0.079 0.254 0.377
p.Age 4745.Algae          0.066 0.109 0.001 0.002 0.011 0.033 0.075 0.230 0.361
p.Age 4945.Algae          0.073 0.120 0.001 0.002 0.011 0.032 0.081 0.290 0.447
p.Age 5145.Algae          0.076 0.118 0.001 0.002 0.013 0.038 0.085 0.280 0.423
p.Age 5345.Algae          0.074 0.118 0.001 0.002 0.012 0.036 0.087 0.275 0.398
p.Age 5544.Algae          0.067 0.111 0.001 0.002 0.011 0.032 0.079 0.233 0.358
p.Age 5744.Algae          0.072 0.113 0.001 0.002 0.013 0.037 0.083 0.242 0.414
p.Age 5944.Algae          0.066 0.111 0.001 0.002 0.011 0.032 0.075 0.230 0.344
p.Age 6144.Algae          0.084 0.123 0.002 0.004 0.016 0.043 0.096 0.328 0.476
p.Age 6344.Algae          0.079 0.120 0.001 0.002 0.013 0.038 0.094 0.291 0.428
p.Age 6543.Algae          0.081 0.117 0.002 0.003 0.017 0.043 0.091 0.299 0.467
p.Age 6743.Algae          0.087 0.121 0.002 0.003 0.018 0.047 0.103 0.306 0.452
p.Age 6943.Algae          0.089 0.121 0.002 0.003 0.018 0.049 0.106 0.318 0.463
p.Age 7143.Algae          0.093 0.125 0.002 0.004 0.019 0.050 0.113 0.334 0.482
p.Age 7343.Algae          0.109 0.136 0.002 0.004 0.023 0.060 0.140 0.397 0.517
p.Age 7542.Algae          0.103 0.131 0.002 0.004 0.021 0.057 0.126 0.385 0.504
p.Age 7742.Algae          0.103 0.128 0.002 0.004 0.023 0.060 0.128 0.364 0.492
p.Age 7942.Algae          0.109 0.129 0.003 0.005 0.024 0.064 0.143 0.367 0.492
p.Age -50.Aquatic_plants  0.013 0.012 0.000 0.001 0.004 0.009 0.019 0.038 0.046
p.Age 150.Aquatic_plants  0.014 0.014 0.001 0.001 0.004 0.010 0.020 0.041 0.049
p.Age 350.Aquatic_plants  0.016 0.015 0.001 0.001 0.005 0.012 0.022 0.045 0.054
p.Age 549.Aquatic_plants  0.017 0.016 0.001 0.001 0.005 0.012 0.023 0.047 0.057
p.Age 749.Aquatic_plants  0.014 0.013 0.000 0.001 0.004 0.010 0.020 0.041 0.047
p.Age 949.Aquatic_plants  0.015 0.014 0.001 0.001 0.005 0.011 0.021 0.042 0.051
p.Age 1149.Aquatic_plants 0.014 0.014 0.000 0.001 0.005 0.010 0.020 0.042 0.051
p.Age 1349.Aquatic_plants 0.018 0.017 0.001 0.001 0.005 0.012 0.024 0.051 0.062
p.Age 1548.Aquatic_plants 0.016 0.016 0.000 0.001 0.004 0.011 0.021 0.047 0.058
p.Age 1748.Aquatic_plants 0.018 0.017 0.001 0.001 0.005 0.013 0.025 0.052 0.064
p.Age 1948.Aquatic_plants 0.017 0.016 0.000 0.001 0.005 0.012 0.023 0.050 0.060
p.Age 2148.Aquatic_plants 0.018 0.018 0.001 0.001 0.006 0.013 0.025 0.052 0.065
p.Age 2348.Aquatic_plants 0.016 0.015 0.001 0.001 0.006 0.012 0.023 0.045 0.055
p.Age 2547.Aquatic_plants 0.015 0.014 0.001 0.001 0.005 0.011 0.022 0.043 0.052
p.Age 2747.Aquatic_plants 0.015 0.014 0.001 0.001 0.005 0.012 0.022 0.043 0.051
p.Age 2947.Aquatic_plants 0.015 0.014 0.001 0.001 0.005 0.011 0.021 0.041 0.049
p.Age 3147.Aquatic_plants 0.015 0.014 0.001 0.001 0.005 0.011 0.021 0.043 0.052
p.Age 3347.Aquatic_plants 0.015 0.014 0.001 0.001 0.005 0.011 0.021 0.043 0.051
p.Age 3546.Aquatic_plants 0.014 0.013 0.000 0.001 0.004 0.010 0.019 0.038 0.046
p.Age 3746.Aquatic_plants 0.017 0.016 0.001 0.001 0.006 0.013 0.024 0.048 0.059
p.Age 3946.Aquatic_plants 0.017 0.016 0.001 0.001 0.006 0.012 0.023 0.049 0.060
p.Age 4146.Aquatic_plants 0.020 0.019 0.001 0.001 0.006 0.014 0.027 0.059 0.071
p.Age 4346.Aquatic_plants 0.018 0.017 0.001 0.001 0.006 0.013 0.025 0.048 0.060
p.Age 4545.Aquatic_plants 0.018 0.016 0.001 0.001 0.006 0.013 0.025 0.049 0.060
p.Age 4745.Aquatic_plants 0.019 0.017 0.001 0.001 0.006 0.014 0.026 0.052 0.063
p.Age 4945.Aquatic_plants 0.019 0.017 0.001 0.001 0.006 0.014 0.026 0.051 0.062
p.Age 5145.Aquatic_plants 0.022 0.020 0.001 0.002 0.008 0.017 0.030 0.061 0.075
p.Age 5345.Aquatic_plants 0.022 0.021 0.001 0.001 0.007 0.016 0.031 0.065 0.079
p.Age 5544.Aquatic_plants 0.020 0.019 0.001 0.001 0.006 0.014 0.027 0.057 0.069
p.Age 5744.Aquatic_plants 0.023 0.022 0.001 0.001 0.007 0.017 0.033 0.066 0.080
p.Age 5944.Aquatic_plants 0.020 0.019 0.001 0.001 0.006 0.015 0.028 0.058 0.073
p.Age 6144.Aquatic_plants 0.028 0.026 0.001 0.002 0.009 0.021 0.039 0.082 0.099
p.Age 6344.Aquatic_plants 0.026 0.025 0.001 0.001 0.008 0.018 0.036 0.078 0.095
p.Age 6543.Aquatic_plants 0.030 0.028 0.001 0.002 0.009 0.021 0.040 0.087 0.105
p.Age 6743.Aquatic_plants 0.035 0.033 0.001 0.002 0.011 0.024 0.050 0.104 0.123
p.Age 6943.Aquatic_plants 0.037 0.034 0.001 0.002 0.011 0.026 0.052 0.107 0.131
p.Age 7143.Aquatic_plants 0.041 0.039 0.001 0.002 0.011 0.027 0.060 0.119 0.140
p.Age 7343.Aquatic_plants 0.055 0.050 0.001 0.002 0.014 0.039 0.084 0.153 0.177
p.Age 7542.Aquatic_plants 0.053 0.050 0.001 0.002 0.014 0.036 0.081 0.151 0.176
p.Age 7742.Aquatic_plants 0.058 0.053 0.001 0.003 0.015 0.040 0.089 0.160 0.185
p.Age 7942.Aquatic_plants 0.066 0.060 0.002 0.003 0.016 0.046 0.105 0.183 0.208
p.Age -50.Soil            0.909 0.113 0.633 0.768 0.894 0.938 0.964 0.986 0.991
p.Age 150.Soil            0.903 0.116 0.558 0.756 0.887 0.931 0.961 0.985 0.990
p.Age 350.Soil            0.891 0.113 0.631 0.748 0.868 0.916 0.950 0.983 0.989
p.Age 549.Soil            0.891 0.113 0.605 0.749 0.871 0.915 0.951 0.982 0.988
p.Age 749.Soil            0.907 0.115 0.633 0.769 0.893 0.934 0.963 0.986 0.991
p.Age 949.Soil            0.902 0.116 0.593 0.765 0.884 0.929 0.959 0.987 0.991
p.Age 1149.Soil           0.904 0.115 0.610 0.750 0.890 0.933 0.961 0.986 0.991
p.Age 1349.Soil           0.892 0.118 0.574 0.731 0.873 0.923 0.953 0.984 0.989
p.Age 1548.Soil           0.902 0.117 0.610 0.761 0.884 0.930 0.961 0.987 0.990
p.Age 1748.Soil           0.887 0.114 0.601 0.728 0.866 0.913 0.947 0.981 0.988
p.Age 1948.Soil           0.896 0.116 0.606 0.739 0.876 0.923 0.955 0.983 0.989
p.Age 2148.Soil           0.888 0.118 0.598 0.722 0.867 0.915 0.949 0.980 0.987
p.Age 2348.Soil           0.863 0.136 0.479 0.621 0.836 0.897 0.941 0.981 0.987
p.Age 2547.Soil           0.886 0.120 0.583 0.725 0.865 0.914 0.950 0.983 0.988
p.Age 2747.Soil           0.884 0.120 0.562 0.706 0.863 0.912 0.949 0.982 0.989
p.Age 2947.Soil           0.893 0.114 0.612 0.743 0.873 0.918 0.953 0.985 0.990
p.Age 3147.Soil           0.894 0.118 0.586 0.748 0.874 0.921 0.955 0.984 0.989
p.Age 3347.Soil           0.886 0.122 0.548 0.706 0.865 0.915 0.951 0.984 0.990
p.Age 3546.Soil           0.903 0.115 0.622 0.750 0.886 0.930 0.961 0.987 0.992
p.Age 3746.Soil           0.865 0.123 0.529 0.660 0.835 0.893 0.936 0.977 0.986
p.Age 3946.Soil           0.873 0.122 0.520 0.685 0.850 0.901 0.942 0.979 0.985
p.Age 4146.Soil           0.881 0.115 0.590 0.716 0.859 0.906 0.944 0.978 0.985
p.Age 4346.Soil           0.885 0.116 0.602 0.728 0.863 0.909 0.946 0.980 0.987
p.Age 4545.Soil           0.866 0.121 0.553 0.677 0.834 0.892 0.936 0.978 0.985
p.Age 4745.Soil           0.873 0.116 0.589 0.705 0.844 0.897 0.938 0.977 0.984
p.Age 4945.Soil           0.853 0.129 0.501 0.629 0.817 0.879 0.932 0.976 0.983
p.Age 5145.Soil           0.831 0.130 0.507 0.612 0.787 0.857 0.913 0.969 0.979
p.Age 5345.Soil           0.865 0.123 0.525 0.672 0.838 0.892 0.933 0.975 0.984
p.Age 5544.Soil           0.882 0.116 0.596 0.711 0.860 0.908 0.945 0.978 0.986
p.Age 5744.Soil           0.864 0.119 0.539 0.687 0.837 0.888 0.929 0.975 0.983
p.Age 5944.Soil           0.879 0.116 0.596 0.704 0.857 0.904 0.942 0.978 0.985
p.Age 6144.Soil           0.788 0.141 0.401 0.542 0.728 0.802 0.884 0.958 0.970
p.Age 6344.Soil           0.856 0.124 0.507 0.644 0.828 0.883 0.927 0.971 0.982
p.Age 6543.Soil           0.787 0.138 0.449 0.557 0.726 0.801 0.885 0.954 0.970
p.Age 6743.Soil           0.805 0.132 0.454 0.578 0.761 0.824 0.889 0.954 0.970
p.Age 6943.Soil           0.793 0.134 0.447 0.560 0.741 0.815 0.880 0.949 0.965
p.Age 7143.Soil           0.791 0.134 0.441 0.549 0.743 0.811 0.876 0.948 0.963
p.Age 7343.Soil           0.751 0.146 0.369 0.463 0.693 0.773 0.850 0.933 0.953
p.Age 7542.Soil           0.745 0.145 0.380 0.477 0.681 0.762 0.841 0.936 0.948
p.Age 7742.Soil           0.736 0.144 0.390 0.468 0.671 0.747 0.835 0.929 0.947
p.Age 7942.Soil           0.707 0.152 0.367 0.439 0.629 0.716 0.813 0.925 0.945
p.Age -50.Terrestrial     0.024 0.022 0.001 0.002 0.008 0.018 0.034 0.069 0.083
p.Age 150.Terrestrial     0.026 0.023 0.001 0.001 0.009 0.020 0.038 0.071 0.088
p.Age 350.Terrestrial     0.033 0.027 0.001 0.002 0.011 0.026 0.048 0.087 0.100
p.Age 549.Terrestrial     0.032 0.027 0.001 0.002 0.011 0.025 0.046 0.083 0.100
p.Age 749.Terrestrial     0.025 0.022 0.001 0.002 0.008 0.018 0.035 0.069 0.084
p.Age 949.Terrestrial     0.027 0.023 0.001 0.002 0.008 0.020 0.038 0.074 0.085
p.Age 1149.Terrestrial    0.025 0.023 0.001 0.002 0.008 0.018 0.036 0.071 0.085
p.Age 1349.Terrestrial    0.027 0.023 0.001 0.002 0.009 0.021 0.039 0.075 0.087
p.Age 1548.Terrestrial    0.024 0.021 0.001 0.002 0.008 0.017 0.033 0.067 0.081
p.Age 1748.Terrestrial    0.032 0.027 0.001 0.002 0.011 0.025 0.046 0.085 0.103
p.Age 1948.Terrestrial    0.027 0.024 0.001 0.002 0.009 0.021 0.038 0.073 0.087
p.Age 2148.Terrestrial    0.031 0.025 0.001 0.002 0.011 0.025 0.044 0.080 0.093
p.Age 2348.Terrestrial    0.045 0.039 0.001 0.002 0.013 0.034 0.068 0.124 0.140
p.Age 2547.Terrestrial    0.035 0.030 0.001 0.002 0.011 0.027 0.052 0.096 0.109
p.Age 2747.Terrestrial    0.036 0.031 0.001 0.002 0.012 0.028 0.054 0.097 0.110
p.Age 2947.Terrestrial    0.033 0.029 0.001 0.002 0.010 0.026 0.049 0.088 0.102
p.Age 3147.Terrestrial    0.032 0.027 0.001 0.002 0.011 0.025 0.046 0.086 0.096
p.Age 3347.Terrestrial    0.035 0.030 0.001 0.002 0.011 0.026 0.052 0.095 0.111
p.Age 3546.Terrestrial    0.027 0.024 0.001 0.001 0.008 0.020 0.040 0.074 0.089
p.Age 3746.Terrestrial    0.048 0.040 0.001 0.003 0.014 0.038 0.073 0.126 0.141
p.Age 3946.Terrestrial    0.043 0.036 0.001 0.002 0.014 0.034 0.063 0.115 0.129
p.Age 4146.Terrestrial    0.033 0.027 0.001 0.002 0.012 0.026 0.047 0.085 0.099
p.Age 4346.Terrestrial    0.035 0.029 0.001 0.002 0.012 0.027 0.051 0.094 0.106
p.Age 4545.Terrestrial    0.047 0.040 0.001 0.002 0.015 0.037 0.072 0.124 0.144
p.Age 4745.Terrestrial    0.042 0.035 0.001 0.002 0.013 0.034 0.064 0.109 0.125
p.Age 4945.Terrestrial    0.055 0.046 0.001 0.002 0.016 0.043 0.085 0.143 0.157
p.Age 5145.Terrestrial    0.071 0.058 0.001 0.003 0.020 0.057 0.113 0.178 0.191
p.Age 5345.Terrestrial    0.039 0.032 0.001 0.002 0.014 0.031 0.057 0.100 0.115
p.Age 5544.Terrestrial    0.031 0.025 0.001 0.002 0.011 0.025 0.044 0.081 0.094
p.Age 5744.Terrestrial    0.042 0.034 0.001 0.002 0.015 0.033 0.061 0.107 0.123
p.Age 5944.Terrestrial    0.035 0.028 0.001 0.002 0.013 0.029 0.050 0.089 0.104
p.Age 6144.Terrestrial    0.100 0.076 0.002 0.004 0.028 0.091 0.164 0.229 0.246
p.Age 6344.Terrestrial    0.040 0.031 0.001 0.003 0.014 0.033 0.057 0.102 0.116
p.Age 6543.Terrestrial    0.103 0.078 0.002 0.004 0.030 0.092 0.169 0.232 0.249
p.Age 6743.Terrestrial    0.073 0.057 0.002 0.004 0.023 0.062 0.115 0.179 0.196
p.Age 6943.Terrestrial    0.081 0.063 0.002 0.004 0.026 0.068 0.128 0.196 0.211
p.Age 7143.Terrestrial    0.076 0.058 0.002 0.004 0.025 0.063 0.119 0.183 0.198
p.Age 7343.Terrestrial    0.085 0.066 0.002 0.004 0.028 0.070 0.132 0.205 0.223
p.Age 7542.Terrestrial    0.099 0.074 0.002 0.005 0.033 0.086 0.155 0.232 0.247
p.Age 7742.Terrestrial    0.103 0.078 0.002 0.005 0.033 0.091 0.165 0.241 0.263
p.Age 7942.Terrestrial    0.119 0.088 0.002 0.005 0.038 0.105 0.192 0.268 0.288
