
################################################################################
# Gelman-Rubin Diagnostic
################################################################################

Generally the Gelman diagnostic should be < 1.05


Out of 304 variables: 10 > 1.01

                      
0 > 1.05

                      
0 > 1.1


The worst variables are:

             Point est. Upper C.I.
p.fac1[4,4]    1.029632   1.044082
p.global[4]    1.022655   1.036636
p.fac1[11,4]   1.020507   1.031764
p.fac1[13,4]   1.018320   1.032245
p.fac1[20,4]   1.016799   1.029917
p.fac1[7,4]    1.015384   1.026040
p.fac1[31,4]   1.014406   1.029118
p.fac1[26,4]   1.011908   1.020432
loglik[23]     1.011624   1.012517
p.fac1[8,4]    1.010141   1.017936


And here are the Gelman diagnostics for all variables:

               Point est. Upper C.I.
deviance        1.0014135  1.0035070
fac1.sig        1.0032418  1.0110139
ilr.fac1[1,1]   1.0003626  1.0025155
ilr.fac1[1,2]   1.0010660  1.0051314
ilr.fac1[1,3]   1.0010521  1.0018878
ilr.fac1[10,1]  1.0012578  1.0020881
ilr.fac1[10,2]  1.0006696  1.0010405
ilr.fac1[10,3]  1.0033953  1.0096756
ilr.fac1[11,1]  0.9997797  1.0001988
ilr.fac1[11,2]  1.0012103  1.0025105
ilr.fac1[11,3]  1.0006966  1.0035332
ilr.fac1[12,1]  1.0017729  1.0024308
ilr.fac1[12,2]  1.0008188  1.0039851
ilr.fac1[12,3]  1.0040989  1.0061180
ilr.fac1[13,1]  1.0010068  1.0031602
ilr.fac1[13,2]  1.0051341  1.0102106
ilr.fac1[13,3]  1.0003363  1.0016536
ilr.fac1[14,1]  0.9996126  0.9996127
ilr.fac1[14,2]  0.9998916  1.0007085
ilr.fac1[14,3]  1.0011269  1.0032118
ilr.fac1[15,1]  1.0011286  1.0035069
ilr.fac1[15,2]  0.9998972  1.0001198
ilr.fac1[15,3]  1.0001891  1.0015303
ilr.fac1[16,1]  1.0021607  1.0071865
ilr.fac1[16,2]  1.0022054  1.0066189
ilr.fac1[16,3]  1.0007453  1.0023516
ilr.fac1[17,1]  1.0020542  1.0033460
ilr.fac1[17,2]  1.0013293  1.0032555
ilr.fac1[17,3]  1.0013735  1.0050359
ilr.fac1[18,1]  1.0017616  1.0034459
ilr.fac1[18,2]  1.0042598  1.0134208
ilr.fac1[18,3]  1.0028009  1.0064755
ilr.fac1[19,1]  1.0013089  1.0055171
ilr.fac1[19,2]  1.0009151  1.0021726
ilr.fac1[19,3]  1.0022360  1.0067114
ilr.fac1[2,1]   1.0032240  1.0074382
ilr.fac1[2,2]   1.0006801  1.0018889
ilr.fac1[2,3]   1.0029534  1.0076180
ilr.fac1[20,1]  1.0006644  1.0027013
ilr.fac1[20,2]  0.9999221  1.0001784
ilr.fac1[20,3]  1.0039428  1.0106259
ilr.fac1[21,1]  1.0023431  1.0098097
ilr.fac1[21,2]  1.0006499  1.0006803
ilr.fac1[21,3]  1.0017409  1.0055296
ilr.fac1[22,1]  1.0005208  1.0008926
ilr.fac1[22,2]  1.0010509  1.0015275
ilr.fac1[22,3]  1.0010092  1.0016837
ilr.fac1[23,1]  1.0009798  1.0010764
ilr.fac1[23,2]  1.0001022  1.0016283
ilr.fac1[23,3]  1.0012655  1.0017476
ilr.fac1[24,1]  1.0009279  1.0027577
ilr.fac1[24,2]  0.9998889  1.0003525
ilr.fac1[24,3]  1.0014444  1.0030710
ilr.fac1[25,1]  1.0026015  1.0040536
ilr.fac1[25,2]  1.0002303  1.0008384
ilr.fac1[25,3]  0.9996287  0.9997400
ilr.fac1[26,1]  0.9997161  1.0002639
ilr.fac1[26,2]  1.0010229  1.0017082
ilr.fac1[26,3]  1.0014704  1.0020525
ilr.fac1[27,1]  1.0010714  1.0047136
ilr.fac1[27,2]  1.0018010  1.0040445
ilr.fac1[27,3]  1.0001068  1.0014364
ilr.fac1[28,1]  1.0004645  1.0029385
ilr.fac1[28,2]  1.0001414  1.0018356
ilr.fac1[28,3]  1.0009398  1.0032794
ilr.fac1[29,1]  0.9997064  0.9998647
ilr.fac1[29,2]  1.0009135  1.0020237
ilr.fac1[29,3]  1.0012340  1.0021036
ilr.fac1[3,1]   1.0009082  1.0024203
ilr.fac1[3,2]   0.9996462  0.9998922
ilr.fac1[3,3]   1.0006488  1.0036355
ilr.fac1[30,1]  1.0011347  1.0011598
ilr.fac1[30,2]  1.0015414  1.0015880
ilr.fac1[30,3]  1.0007370  1.0025924
ilr.fac1[31,1]  0.9999060  1.0000519
ilr.fac1[31,2]  1.0007760  1.0021980
ilr.fac1[31,3]  1.0007571  1.0035897
ilr.fac1[32,1]  0.9996083  0.9996518
ilr.fac1[32,2]  1.0007884  1.0040957
ilr.fac1[32,3]  1.0004969  1.0018715
ilr.fac1[33,1]  1.0021463  1.0079422
ilr.fac1[33,2]  1.0004105  1.0022507
ilr.fac1[33,3]  0.9999333  1.0009574
ilr.fac1[34,1]  1.0003845  1.0010884
ilr.fac1[34,2]  1.0019326  1.0031686
ilr.fac1[34,3]  1.0009045  1.0038083
ilr.fac1[35,1]  1.0005954  1.0033549
ilr.fac1[35,2]  1.0017574  1.0051934
ilr.fac1[35,3]  1.0004168  1.0027399
ilr.fac1[36,1]  1.0021551  1.0043008
ilr.fac1[36,2]  1.0016409  1.0071237
ilr.fac1[36,3]  1.0000443  1.0013116
ilr.fac1[37,1]  0.9995989  0.9996537
ilr.fac1[37,2]  1.0007532  1.0020429
ilr.fac1[37,3]  0.9998213  1.0001514
ilr.fac1[4,1]   1.0009888  1.0022732
ilr.fac1[4,2]   1.0000606  1.0012730
ilr.fac1[4,3]   1.0000743  1.0001032
ilr.fac1[5,1]   1.0015833  1.0036732
ilr.fac1[5,2]   1.0003667  1.0005934
ilr.fac1[5,3]   1.0012430  1.0021471
ilr.fac1[6,1]   1.0000941  1.0011259
ilr.fac1[6,2]   1.0002993  1.0018623
ilr.fac1[6,3]   1.0024074  1.0043511
ilr.fac1[7,1]   1.0013126  1.0035191
ilr.fac1[7,2]   1.0021969  1.0025939
ilr.fac1[7,3]   1.0003850  1.0011671
ilr.fac1[8,1]   1.0003032  1.0004753
ilr.fac1[8,2]   1.0002940  1.0004828
ilr.fac1[8,3]   1.0019805  1.0039000
ilr.fac1[9,1]   1.0014165  1.0033542
ilr.fac1[9,2]   1.0022879  1.0082318
ilr.fac1[9,3]   0.9999201  1.0000816
loglik[1]       1.0002094  1.0015557
loglik[10]      0.9999270  1.0004206
loglik[11]      1.0009335  1.0029249
loglik[12]      1.0001068  1.0008417
loglik[13]      1.0015583  1.0061620
loglik[14]      1.0015286  1.0043455
loglik[15]      1.0015017  1.0032379
loglik[16]      1.0001329  1.0011177
loglik[17]      0.9996891  1.0000202
loglik[18]      1.0008051  1.0039024
loglik[19]      1.0005044  1.0027850
loglik[2]       1.0012135  1.0025746
loglik[20]      1.0008905  1.0021311
loglik[21]      1.0012523  1.0015263
loglik[22]      1.0030466  1.0046280
loglik[23]      1.0116243  1.0125169
loglik[24]      1.0006120  1.0018644
loglik[25]      1.0003206  1.0013886
loglik[26]      1.0011123  1.0028156
loglik[27]      1.0017549  1.0036780
loglik[28]      1.0016465  1.0071543
loglik[29]      1.0023783  1.0082824
loglik[3]       1.0017691  1.0026168
loglik[30]      1.0003449  1.0017838
loglik[31]      1.0005256  1.0013900
loglik[32]      1.0007975  1.0030163
loglik[33]      1.0013708  1.0061034
loglik[34]      1.0004882  1.0031082
loglik[35]      1.0036494  1.0140317
loglik[36]      1.0003289  1.0019087
loglik[37]      1.0002597  1.0010515
loglik[4]       1.0007431  1.0033358
loglik[5]       1.0005761  1.0008275
loglik[6]       1.0010839  1.0052772
loglik[7]       1.0004750  1.0010723
loglik[8]       1.0001237  1.0009140
loglik[9]       1.0021565  1.0024752
p.fac1[1,1]     1.0032471  1.0105611
p.fac1[1,2]     1.0016424  1.0023683
p.fac1[1,3]     1.0030395  1.0098120
p.fac1[1,4]     1.0039048  1.0085016
p.fac1[10,1]    1.0026705  1.0075262
p.fac1[10,2]    1.0016326  1.0018479
p.fac1[10,3]    1.0023567  1.0066435
p.fac1[10,4]    1.0093297  1.0175409
p.fac1[11,1]    1.0019130  1.0047724
p.fac1[11,2]    1.0048112  1.0060839
p.fac1[11,3]    1.0019012  1.0046169
p.fac1[11,4]    1.0205073  1.0317636
p.fac1[12,1]    1.0027158  1.0056399
p.fac1[12,2]    1.0014820  1.0029422
p.fac1[12,3]    1.0024983  1.0052845
p.fac1[12,4]    1.0050020  1.0110151
p.fac1[13,1]    1.0000271  1.0001802
p.fac1[13,2]    1.0014579  1.0024594
p.fac1[13,3]    1.0001291  1.0002857
p.fac1[13,4]    1.0183204  1.0322448
p.fac1[14,1]    1.0018091  1.0051670
p.fac1[14,2]    1.0053201  1.0062715
p.fac1[14,3]    1.0017263  1.0048233
p.fac1[14,4]    1.0070726  1.0104487
p.fac1[15,1]    0.9999679  1.0003162
p.fac1[15,2]    1.0015939  1.0017463
p.fac1[15,3]    0.9999244  1.0001464
p.fac1[15,4]    1.0013734  1.0041855
p.fac1[16,1]    1.0020367  1.0040014
p.fac1[16,2]    1.0022372  1.0024669
p.fac1[16,3]    1.0016098  1.0034186
p.fac1[16,4]    1.0017191  1.0047538
p.fac1[17,1]    0.9999474  1.0001561
p.fac1[17,2]    1.0039605  1.0068685
p.fac1[17,3]    0.9999467  1.0001175
p.fac1[17,4]    1.0018958  1.0070341
p.fac1[18,1]    0.9999847  1.0002210
p.fac1[18,2]    1.0049490  1.0090201
p.fac1[18,3]    1.0001628  1.0006829
p.fac1[18,4]    1.0051722  1.0106137
p.fac1[19,1]    1.0057993  1.0145774
p.fac1[19,2]    1.0003972  1.0013788
p.fac1[19,3]    1.0050408  1.0127140
p.fac1[19,4]    1.0042907  1.0120071
p.fac1[2,1]     1.0026546  1.0077361
p.fac1[2,2]     1.0067288  1.0099383
p.fac1[2,3]     1.0024674  1.0072277
p.fac1[2,4]     1.0025662  1.0055936
p.fac1[20,1]    1.0008883  1.0024324
p.fac1[20,2]    0.9999454  1.0005765
p.fac1[20,3]    1.0009181  1.0023858
p.fac1[20,4]    1.0167988  1.0299168
p.fac1[21,1]    1.0014491  1.0024369
p.fac1[21,2]    1.0000457  1.0012524
p.fac1[21,3]    1.0014103  1.0022604
p.fac1[21,4]    1.0096233  1.0184883
p.fac1[22,1]    1.0002966  1.0015302
p.fac1[22,2]    1.0029610  1.0046597
p.fac1[22,3]    1.0002346  1.0013489
p.fac1[22,4]    1.0040553  1.0089272
p.fac1[23,1]    1.0004171  1.0005140
p.fac1[23,2]    1.0007445  1.0012199
p.fac1[23,3]    1.0005405  1.0006579
p.fac1[23,4]    1.0014457  1.0032100
p.fac1[24,1]    1.0015617  1.0050231
p.fac1[24,2]    1.0002118  1.0010641
p.fac1[24,3]    1.0015977  1.0050391
p.fac1[24,4]    1.0044940  1.0081793
p.fac1[25,1]    1.0001016  1.0012075
p.fac1[25,2]    1.0000151  1.0008197
p.fac1[25,3]    0.9999564  1.0007629
p.fac1[25,4]    1.0053232  1.0107592
p.fac1[26,1]    0.9996879  0.9998916
p.fac1[26,2]    1.0005487  1.0018114
p.fac1[26,3]    0.9997237  0.9998863
p.fac1[26,4]    1.0119083  1.0204324
p.fac1[27,1]    1.0011088  1.0028905
p.fac1[27,2]    1.0002484  1.0017851
p.fac1[27,3]    1.0009990  1.0023365
p.fac1[27,4]    1.0072396  1.0158847
p.fac1[28,1]    1.0033265  1.0087510
p.fac1[28,2]    1.0046629  1.0076005
p.fac1[28,3]    1.0030425  1.0074949
p.fac1[28,4]    1.0068173  1.0153598
p.fac1[29,1]    1.0000384  1.0005908
p.fac1[29,2]    1.0002531  1.0009558
p.fac1[29,3]    1.0000678  1.0004717
p.fac1[29,4]    1.0085989  1.0142101
p.fac1[3,1]     1.0019488  1.0058498
p.fac1[3,2]     1.0024282  1.0041932
p.fac1[3,3]     1.0017698  1.0052561
p.fac1[3,4]     1.0045004  1.0101149
p.fac1[30,1]    1.0013933  1.0041516
p.fac1[30,2]    1.0034097  1.0049068
p.fac1[30,3]    1.0011586  1.0035005
p.fac1[30,4]    1.0040985  1.0069742
p.fac1[31,1]    1.0000106  1.0007351
p.fac1[31,2]    1.0005010  1.0008923
p.fac1[31,3]    0.9998666  1.0002858
p.fac1[31,4]    1.0144057  1.0291182
p.fac1[32,1]    1.0029519  1.0072545
p.fac1[32,2]    1.0016848  1.0029512
p.fac1[32,3]    1.0027572  1.0067783
p.fac1[32,4]    1.0064908  1.0128170
p.fac1[33,1]    1.0017315  1.0037131
p.fac1[33,2]    1.0059954  1.0083311
p.fac1[33,3]    1.0015747  1.0037103
p.fac1[33,4]    1.0023940  1.0064563
p.fac1[34,1]    1.0003764  1.0009441
p.fac1[34,2]    1.0029771  1.0031077
p.fac1[34,3]    1.0003759  1.0009897
p.fac1[34,4]    1.0069455  1.0112135
p.fac1[35,1]    1.0003327  1.0010819
p.fac1[35,2]    1.0042726  1.0045190
p.fac1[35,3]    1.0003855  1.0010223
p.fac1[35,4]    1.0032507  1.0044517
p.fac1[36,1]    1.0009275  1.0024161
p.fac1[36,2]    1.0017489  1.0025543
p.fac1[36,3]    1.0011030  1.0029360
p.fac1[36,4]    1.0021445  1.0069339
p.fac1[37,1]    1.0020286  1.0041877
p.fac1[37,2]    1.0018041  1.0024917
p.fac1[37,3]    1.0018366  1.0035862
p.fac1[37,4]    1.0015856  1.0030160
p.fac1[4,1]     1.0004725  1.0009637
p.fac1[4,2]     1.0002420  1.0021233
p.fac1[4,3]     1.0004714  1.0009992
p.fac1[4,4]     1.0296321  1.0440821
p.fac1[5,1]     1.0004266  1.0020012
p.fac1[5,2]     1.0014196  1.0023184
p.fac1[5,3]     1.0003659  1.0016962
p.fac1[5,4]     1.0084848  1.0164541
p.fac1[6,1]     1.0021343  1.0068580
p.fac1[6,2]     1.0001002  1.0005691
p.fac1[6,3]     1.0019412  1.0062234
p.fac1[6,4]     1.0032035  1.0091882
p.fac1[7,1]     1.0009417  1.0046613
p.fac1[7,2]     1.0014472  1.0015229
p.fac1[7,3]     1.0007935  1.0041279
p.fac1[7,4]     1.0153845  1.0260399
p.fac1[8,1]     1.0004724  1.0022646
p.fac1[8,2]     1.0034945  1.0038836
p.fac1[8,3]     1.0003854  1.0018606
p.fac1[8,4]     1.0101413  1.0179356
p.fac1[9,1]     1.0006226  1.0023643
p.fac1[9,2]     1.0010955  1.0014590
p.fac1[9,3]     1.0005248  1.0020565
p.fac1[9,4]     1.0021009  1.0043862
p.global[1]     1.0026932  1.0054683
p.global[2]     1.0017685  1.0024417
p.global[3]     1.0027149  1.0051560
p.global[4]     1.0226550  1.0366365
resid.prop[1]   1.0038244  1.0093881
resid.prop[2]   0.9997358  1.0001087

################################################################################
# Geweke Diagnostic
################################################################################

The Geweke diagnostic is a standard z-score, so we'd expect 5% to be outside +/-1.96
Number of variables outside +/-1.96 in each chain (out of 
304
):


       Chain 1 Chain 2 Chain 3
Geweke       7       7      21


And here are the Geweke diagnostics for all variables:


