
################################################################################
# Gelman-Rubin Diagnostic
################################################################################

Generally the Gelman diagnostic should be < 1.05


Out of 288 variables: 288 > 1.01

                      
285 > 1.05

                      
276 > 1.1


The worst variables are:

               Point est. Upper C.I.
fac1.sig         2.756678   5.859753
loglik[34]       2.682083   6.439150
p.global[3]      2.634900   5.612445
p.fac1[34,2]     2.629707   5.640512
loglik[33]       2.615368   5.995864
p.fac1[20,3]     2.543381   5.022770
ilr.fac1[34,2]   2.540739   5.704422
p.fac1[8,3]      2.533079   5.092243
p.fac1[11,3]     2.526902   5.043409
p.fac1[25,3]     2.520596   5.051399


And here are the Gelman diagnostics for all variables:

               Point est. Upper C.I.
deviance         2.428036   5.490210
fac1.sig         2.756678   5.859753
ilr.fac1[1,1]    1.735120   3.764812
ilr.fac1[1,2]    1.625378   3.497062
ilr.fac1[1,3]    1.245823   1.781655
ilr.fac1[10,1]   1.221091   1.527607
ilr.fac1[10,2]   1.368164   2.647555
ilr.fac1[10,3]   1.204437   1.206219
ilr.fac1[11,1]   1.196502   1.214184
ilr.fac1[11,2]   1.328308   2.403227
ilr.fac1[11,3]   1.216079   1.394730
ilr.fac1[12,1]   1.271840   2.044083
ilr.fac1[12,2]   1.308611   2.309267
ilr.fac1[12,3]   1.211638   1.264052
ilr.fac1[13,1]   1.365242   2.603199
ilr.fac1[13,2]   1.226801   1.644386
ilr.fac1[13,3]   1.235562   1.505671
ilr.fac1[14,1]   1.238752   1.580866
ilr.fac1[14,2]   1.375173   2.730753
ilr.fac1[14,3]   1.210195   1.242572
ilr.fac1[15,1]   1.461221   3.082227
ilr.fac1[15,2]   1.351374   2.496679
ilr.fac1[15,3]   1.498334   3.241887
ilr.fac1[16,1]   1.218718   1.467696
ilr.fac1[16,2]   1.329644   2.448515
ilr.fac1[16,3]   1.214688   1.233552
ilr.fac1[17,1]   1.311943   2.373222
ilr.fac1[17,2]   1.192087   1.240330
ilr.fac1[17,3]   1.230451   1.631876
ilr.fac1[18,1]   1.428132   2.939342
ilr.fac1[18,2]   1.589381   3.572921
ilr.fac1[18,3]   1.583140   3.372897
ilr.fac1[19,1]   1.330832   2.539356
ilr.fac1[19,2]   1.216668   1.256170
ilr.fac1[19,3]   1.229823   1.572713
ilr.fac1[2,1]    1.393156   2.857672
ilr.fac1[2,2]    1.210112   1.267504
ilr.fac1[2,3]    1.271995   2.029950
ilr.fac1[20,1]   1.258580   1.871504
ilr.fac1[20,2]   1.382397   2.911455
ilr.fac1[20,3]   1.214004   1.222975
ilr.fac1[21,1]   1.226530   1.455542
ilr.fac1[21,2]   1.348832   2.511913
ilr.fac1[21,3]   1.214994   1.231324
ilr.fac1[22,1]   1.503328   3.382993
ilr.fac1[22,2]   1.231945   1.588590
ilr.fac1[22,3]   1.250388   1.810496
ilr.fac1[23,1]   1.214087   1.267823
ilr.fac1[23,2]   1.274912   2.072445
ilr.fac1[23,3]   1.230911   1.404709
ilr.fac1[24,1]   1.239005   1.631957
ilr.fac1[24,2]   1.240390   1.709361
ilr.fac1[24,3]   1.235998   1.644605
ilr.fac1[25,1]   1.219865   1.266589
ilr.fac1[25,2]   1.343426   2.567464
ilr.fac1[25,3]   1.214160   1.387128
ilr.fac1[26,1]   1.236657   1.651521
ilr.fac1[26,2]   1.299947   2.213465
ilr.fac1[26,3]   1.219567   1.264461
ilr.fac1[27,1]   1.224542   1.509136
ilr.fac1[27,2]   1.214421   1.441639
ilr.fac1[27,3]   1.245484   1.678862
ilr.fac1[28,1]   1.211612   1.257882
ilr.fac1[28,2]   1.333871   2.502275
ilr.fac1[28,3]   1.206909   1.318627
ilr.fac1[29,1]   1.214225   1.306743
ilr.fac1[29,2]   1.292296   2.229291
ilr.fac1[29,3]   1.240271   1.578123
ilr.fac1[3,1]    1.802244   3.928704
ilr.fac1[3,2]    1.595316   3.141253
ilr.fac1[3,3]    1.239948   1.703151
ilr.fac1[30,1]   1.239775   1.706714
ilr.fac1[30,2]   1.220672   1.599820
ilr.fac1[30,3]   1.248842   1.774569
ilr.fac1[31,1]   1.237581   1.611397
ilr.fac1[31,2]   1.238775   1.654944
ilr.fac1[31,3]   1.229887   1.617312
ilr.fac1[32,1]   1.410653   2.727401
ilr.fac1[32,2]   1.208342   1.209513
ilr.fac1[32,3]   1.211170   1.286919
ilr.fac1[33,1]   2.103235   4.372276
ilr.fac1[33,2]   2.330601   5.095563
ilr.fac1[33,3]   1.215602   1.530402
ilr.fac1[34,1]   2.167620   4.358628
ilr.fac1[34,2]   2.540739   5.704422
ilr.fac1[34,3]   1.222621   1.660400
ilr.fac1[35,1]   1.370283   2.750975
ilr.fac1[35,2]   1.268396   2.016548
ilr.fac1[35,3]   1.235075   1.664863
ilr.fac1[4,1]    1.227336   1.612368
ilr.fac1[4,2]    1.328193   2.453629
ilr.fac1[4,3]    1.221490   1.317514
ilr.fac1[5,1]    1.222722   1.493523
ilr.fac1[5,2]    1.369944   2.674532
ilr.fac1[5,3]    1.217545   1.268761
ilr.fac1[6,1]    1.372042   2.721894
ilr.fac1[6,2]    1.198415   1.366928
ilr.fac1[6,3]    1.261725   1.925941
ilr.fac1[7,1]    1.209344   1.282263
ilr.fac1[7,2]    1.342910   2.495634
ilr.fac1[7,3]    1.219853   1.401620
ilr.fac1[8,1]    1.223529   1.532244
ilr.fac1[8,2]    1.370762   2.630746
ilr.fac1[8,3]    1.213866   1.250502
ilr.fac1[9,1]    1.209562   1.239516
ilr.fac1[9,2]    1.323609   2.387994
ilr.fac1[9,3]    1.219852   1.250488
loglik[1]        1.836976   3.290453
loglik[10]       2.121536   4.252576
loglik[11]       2.104145   4.158068
loglik[12]       1.864099   3.539143
loglik[13]       1.681762   3.108844
loglik[14]       1.927837   3.580695
loglik[15]       1.847315   3.432854
loglik[16]       2.092028   4.121552
loglik[17]       1.631958   3.016696
loglik[18]       2.224115   4.259561
loglik[19]       1.681843   3.083166
loglik[2]        1.686933   3.161606
loglik[20]       2.022289   3.804890
loglik[21]       1.850326   3.318804
loglik[22]       1.529729   2.829078
loglik[23]       1.829052   3.446889
loglik[24]       1.711664   3.162952
loglik[25]       1.951971   3.716176
loglik[26]       1.861104   3.440869
loglik[27]       1.575199   2.850644
loglik[28]       1.888918   3.455907
loglik[29]       1.722151   3.121106
loglik[3]        1.981347   3.685104
loglik[30]       1.402935   2.342610
loglik[31]       1.295177   1.952991
loglik[32]       1.234623   1.724482
loglik[33]       2.615368   5.995864
loglik[34]       2.682083   6.439150
loglik[35]       1.275060   2.003180
loglik[4]        1.688196   2.931171
loglik[5]        1.951337   3.670113
loglik[6]        1.633003   2.999818
loglik[7]        2.090573   4.072940
loglik[8]        2.089879   4.099350
loglik[9]        2.090100   4.151329
p.fac1[1,1]      2.048311   3.881584
p.fac1[1,2]      1.060976   1.151610
p.fac1[1,3]      1.747391   2.834379
p.fac1[1,4]      1.106095   1.336389
p.fac1[10,1]     2.164281   4.381798
p.fac1[10,2]     2.120270   4.230911
p.fac1[10,3]     2.498431   5.021911
p.fac1[10,4]     1.120117   1.372586
p.fac1[11,1]     2.135262   4.268122
p.fac1[11,2]     2.107399   4.138182
p.fac1[11,3]     2.526902   5.043409
p.fac1[11,4]     1.164305   1.533461
p.fac1[12,1]     2.011654   3.729796
p.fac1[12,2]     2.129180   4.261719
p.fac1[12,3]     2.391511   4.539986
p.fac1[12,4]     1.084608   1.247796
p.fac1[13,1]     1.844117   3.151154
p.fac1[13,2]     2.129127   4.226317
p.fac1[13,3]     2.310164   4.224848
p.fac1[13,4]     1.053982   1.164763
p.fac1[14,1]     2.106707   4.139875
p.fac1[14,2]     2.111905   4.127436
p.fac1[14,3]     2.466572   4.777130
p.fac1[14,4]     1.121727   1.364715
p.fac1[15,1]     1.177288   1.515861
p.fac1[15,2]     1.993792   3.779375
p.fac1[15,3]     1.489794   2.231718
p.fac1[15,4]     1.118195   1.316126
p.fac1[16,1]     2.084533   3.939081
p.fac1[16,2]     2.091638   4.105404
p.fac1[16,3]     2.416542   4.673616
p.fac1[16,4]     1.096102   1.299858
p.fac1[17,1]     2.081202   3.983729
p.fac1[17,2]     1.764083   2.956125
p.fac1[17,3]     2.317659   4.285453
p.fac1[17,4]     1.152592   1.494717
p.fac1[18,1]     1.137876   1.221837
p.fac1[18,2]     1.971448   3.741046
p.fac1[18,3]     1.063854   1.204097
p.fac1[18,4]     1.334888   2.084690
p.fac1[19,1]     2.062997   3.955904
p.fac1[19,2]     1.719615   2.839161
p.fac1[19,3]     2.263649   4.100579
p.fac1[19,4]     1.137196   1.433662
p.fac1[2,1]      1.715997   2.798322
p.fac1[2,2]      2.038410   3.921682
p.fac1[2,3]      2.135623   3.750319
p.fac1[2,4]      1.021252   1.047998
p.fac1[20,1]     2.136878   4.209632
p.fac1[20,2]     2.157668   4.328462
p.fac1[20,3]     2.543381   5.022770
p.fac1[20,4]     1.143575   1.449217
p.fac1[21,1]     2.115005   4.218037
p.fac1[21,2]     2.099180   4.085779
p.fac1[21,3]     2.444106   4.641959
p.fac1[21,4]     1.105789   1.292759
p.fac1[22,1]     2.078081   4.049125
p.fac1[22,2]     1.483519   2.260656
p.fac1[22,3]     2.189569   3.908114
p.fac1[22,4]     1.136161   1.434740
p.fac1[23,1]     2.100584   4.115091
p.fac1[23,2]     1.969642   3.619111
p.fac1[23,3]     2.393220   4.566434
p.fac1[23,4]     1.125919   1.395270
p.fac1[24,1]     2.061904   3.954890
p.fac1[24,2]     1.868764   3.246235
p.fac1[24,3]     2.326844   4.342674
p.fac1[24,4]     1.144608   1.464250
p.fac1[25,1]     2.121256   4.184275
p.fac1[25,2]     2.071337   4.008196
p.fac1[25,3]     2.520596   5.051399
p.fac1[25,4]     1.174331   1.585074
p.fac1[26,1]     2.082003   3.954803
p.fac1[26,2]     2.095963   4.123871
p.fac1[26,3]     2.440980   4.716294
p.fac1[26,4]     1.119976   1.366333
p.fac1[27,1]     2.036461   3.832892
p.fac1[27,2]     1.841952   3.179910
p.fac1[27,3]     2.292776   4.243498
p.fac1[27,4]     1.148281   1.479521
p.fac1[28,1]     2.069994   3.935929
p.fac1[28,2]     2.070757   3.991890
p.fac1[28,3]     2.472717   4.851310
p.fac1[28,4]     1.178429   1.604302
p.fac1[29,1]     2.099005   3.978206
p.fac1[29,2]     2.005984   3.683823
p.fac1[29,3]     2.448994   4.670161
p.fac1[29,4]     1.153080   1.495503
p.fac1[3,1]      2.056192   3.923426
p.fac1[3,2]      1.059314   1.152063
p.fac1[3,3]      1.824479   3.033181
p.fac1[3,4]      1.113109   1.358121
p.fac1[30,1]     2.105981   4.043518
p.fac1[30,2]     1.888493   3.299493
p.fac1[30,3]     2.381616   4.453438
p.fac1[30,4]     1.154842   1.501957
p.fac1[31,1]     2.057925   3.813117
p.fac1[31,2]     1.852834   3.149516
p.fac1[31,3]     2.342378   4.254705
p.fac1[31,4]     1.165346   1.541495
p.fac1[32,1]     1.508556   2.309023
p.fac1[32,2]     1.937398   3.481805
p.fac1[32,3]     1.957263   3.307788
p.fac1[32,4]     1.063201   1.162643
p.fac1[33,1]     1.946598   3.697147
p.fac1[33,2]     2.380095   4.731967
p.fac1[33,3]     1.116974   1.307807
p.fac1[33,4]     1.201517   1.652060
p.fac1[34,1]     2.039276   4.169827
p.fac1[34,2]     2.629707   5.640512
p.fac1[34,3]     1.161064   1.426648
p.fac1[34,4]     1.228465   1.741731
p.fac1[35,1]     1.824729   3.095575
p.fac1[35,2]     1.335976   1.893339
p.fac1[35,3]     1.905618   3.163008
p.fac1[35,4]     1.090653   1.275565
p.fac1[4,1]      2.056271   3.842607
p.fac1[4,2]      2.043951   3.869434
p.fac1[4,3]      2.402320   4.476109
p.fac1[4,4]      1.094548   1.265275
p.fac1[5,1]      2.075076   3.966123
p.fac1[5,2]      2.083758   4.028612
p.fac1[5,3]      2.456248   4.782120
p.fac1[5,4]      1.137365   1.429258
p.fac1[6,1]      1.760760   2.910333
p.fac1[6,2]      2.102797   4.176425
p.fac1[6,3]      2.231364   3.995738
p.fac1[6,4]      1.036539   1.083457
p.fac1[7,1]      2.136609   4.270265
p.fac1[7,2]      2.094651   4.055003
p.fac1[7,3]      2.512889   4.915426
p.fac1[7,4]      1.154521   1.495475
p.fac1[8,1]      2.112939   4.150621
p.fac1[8,2]      2.152474   4.342993
p.fac1[8,3]      2.533079   5.092243
p.fac1[8,4]      1.152043   1.486611
p.fac1[9,1]      2.143471   4.268045
p.fac1[9,2]      2.088696   4.009093
p.fac1[9,3]      2.468757   4.782264
p.fac1[9,4]      1.119256   1.368269
p.global[1]      2.270554   4.987487
p.global[2]      2.137085   4.258957
p.global[3]      2.634900   5.612445
p.global[4]      1.184593   1.631452
resid.prop[1]    1.018457   1.060494
resid.prop[2]    1.754257   3.696509

################################################################################
# Geweke Diagnostic
################################################################################

The Geweke diagnostic is a standard z-score, so we'd expect 5% to be outside +/-1.96
Number of variables outside +/-1.96 in each chain (out of 
288
):


       Chain 1 Chain 2 Chain 3
Geweke     257      84       6


And here are the Geweke diagnostics for all variables:


