
#################################################################
# Summary Statistics
#################################################################

DIC = 994.9323

                                  Mean    SD  2.5%    5%    25%    50%    75%    95%  97.5%
Epsilon.1                       14.067 4.291 4.653 5.951 11.220 14.910 17.636 19.555 19.778
Epsilon.2                        1.099 1.259 0.001 0.002  0.013  0.615  1.955  3.614  3.806
Age.SD                           0.643 0.686 0.007 0.014  0.080  0.234  1.233  1.858  2.036
p.global.Mosses                  0.255 0.192 0.002 0.007  0.050  0.279  0.422  0.547  0.574
p.global.Plankton                0.205 0.137 0.015 0.020  0.067  0.211  0.332  0.405  0.422
p.global.Soil                    0.464 0.344 0.016 0.027  0.140  0.363  0.846  0.946  0.965
p.global.Terrestrial plants      0.075 0.095 0.000 0.001  0.015  0.047  0.102  0.230  0.310
p.Age -57.Mosses                 0.252 0.186 0.001 0.003  0.052  0.273  0.410  0.532  0.568
p.Age 185.Mosses                 0.286 0.186 0.001 0.003  0.109  0.317  0.434  0.562  0.599
p.Age 421.Mosses                 0.251 0.187 0.001 0.003  0.050  0.275  0.414  0.535  0.566
p.Age 644.5.Mosses               0.261 0.199 0.000 0.001  0.041  0.292  0.429  0.561  0.593
p.Age 856.Mosses                 0.257 0.201 0.000 0.001  0.030  0.289  0.427  0.554  0.592
p.Age 1254.Mosses                0.283 0.188 0.001 0.002  0.101  0.309  0.432  0.564  0.604
p.Age 1638.Mosses                0.255 0.199 0.000 0.001  0.031  0.288  0.423  0.557  0.588
p.Age 2031.Mosses                0.257 0.199 0.000 0.001  0.035  0.284  0.425  0.560  0.585
p.Age 2456.Mosses                0.253 0.199 0.000 0.001  0.033  0.284  0.425  0.556  0.584
p.Age 2914.Mosses                0.256 0.199 0.000 0.001  0.034  0.286  0.424  0.555  0.594
p.Age 3375.Mosses                0.253 0.199 0.000 0.001  0.030  0.281  0.421  0.552  0.583
p.Age 3821.Mosses                0.263 0.196 0.000 0.001  0.047  0.293  0.429  0.559  0.591
p.Age 4242.Mosses                0.277 0.190 0.000 0.002  0.082  0.302  0.430  0.565  0.604
p.Age 4440.Mosses                0.254 0.201 0.000 0.001  0.029  0.286  0.424  0.557  0.592
p.Age 4629.Mosses                0.340 0.197 0.002 0.007  0.194  0.371  0.479  0.629  0.683
p.Age 4807.5.Mosses              0.260 0.198 0.000 0.001  0.037  0.290  0.426  0.559  0.593
p.Age 4974.Mosses                0.255 0.196 0.000 0.002  0.034  0.285  0.419  0.548  0.580
p.Age 5126.5.Mosses              0.369 0.254 0.001 0.005  0.160  0.372  0.507  0.874  0.927
p.Age 5389.5.Mosses              0.254 0.196 0.000 0.001  0.035  0.284  0.422  0.553  0.584
p.Age 5500.Mosses                0.260 0.197 0.000 0.001  0.040  0.292  0.429  0.552  0.590
p.Age 5598.Mosses                0.255 0.201 0.000 0.001  0.028  0.288  0.424  0.561  0.595
p.Age 5765.5.Mosses              0.253 0.193 0.000 0.002  0.041  0.280  0.416  0.547  0.576
p.Age 5838.Mosses                0.255 0.199 0.000 0.001  0.032  0.288  0.423  0.555  0.585
p.Age 5906.Mosses                0.256 0.198 0.000 0.001  0.035  0.286  0.423  0.553  0.588
p.Age 5969.Mosses                0.258 0.200 0.000 0.001  0.032  0.288  0.428  0.558  0.597
p.Age 6087.Mosses                0.262 0.196 0.000 0.001  0.046  0.294  0.428  0.559  0.592
p.Age 6196.Mosses                0.259 0.197 0.000 0.001  0.038  0.292  0.423  0.554  0.582
p.Age 6303.Mosses                0.260 0.199 0.000 0.001  0.034  0.293  0.428  0.562  0.593
p.Age 6410.Mosses                0.260 0.199 0.000 0.001  0.032  0.296  0.429  0.554  0.587
p.Age 6517.Mosses                0.259 0.199 0.000 0.001  0.032  0.294  0.429  0.554  0.591
p.Age 6730.Mosses                0.264 0.199 0.000 0.001  0.040  0.301  0.432  0.556  0.589
p.Age 6837.Mosses                0.306 0.192 0.001 0.002  0.132  0.343  0.457  0.585  0.625
p.Age 6943.Mosses                0.251 0.184 0.002 0.005  0.062  0.261  0.411  0.537  0.568
p.Age 7050.Mosses                0.237 0.186 0.001 0.003  0.041  0.246  0.402  0.528  0.555
p.Age 7157.Mosses                0.271 0.193 0.001 0.002  0.060  0.306  0.431  0.557  0.586
p.Age -57.Plankton               0.319 0.093 0.084 0.143  0.274  0.328  0.378  0.452  0.476
p.Age 185.Plankton               0.195 0.147 0.001 0.004  0.038  0.202  0.331  0.411  0.431
p.Age 421.Plankton               0.309 0.091 0.083 0.142  0.262  0.316  0.367  0.442  0.473
p.Age 644.5.Plankton             0.195 0.151 0.001 0.002  0.031  0.213  0.334  0.412  0.429
p.Age 856.Plankton               0.195 0.150 0.001 0.002  0.032  0.214  0.331  0.410  0.428
p.Age 1254.Plankton              0.193 0.147 0.001 0.003  0.037  0.202  0.327  0.409  0.428
p.Age 1638.Plankton              0.198 0.148 0.001 0.002  0.042  0.214  0.334  0.412  0.435
p.Age 2031.Plankton              0.195 0.150 0.001 0.002  0.034  0.209  0.332  0.414  0.434
p.Age 2456.Plankton              0.200 0.148 0.001 0.003  0.045  0.217  0.334  0.414  0.437
p.Age 2914.Plankton              0.194 0.151 0.001 0.002  0.032  0.210  0.334  0.411  0.434
p.Age 3375.Plankton              0.199 0.149 0.001 0.003  0.042  0.215  0.334  0.415  0.441
p.Age 3821.Plankton              0.192 0.150 0.001 0.002  0.030  0.208  0.331  0.410  0.430
p.Age 4242.Plankton              0.194 0.149 0.001 0.003  0.035  0.206  0.330  0.413  0.430
p.Age 4440.Plankton              0.196 0.150 0.001 0.002  0.032  0.213  0.333  0.410  0.433
p.Age 4629.Plankton              0.195 0.142 0.003 0.007  0.050  0.198  0.323  0.408  0.430
p.Age 4807.5.Plankton            0.195 0.149 0.001 0.002  0.036  0.208  0.332  0.411  0.430
p.Age 4974.Plankton              0.224 0.132 0.004 0.013  0.105  0.233  0.339  0.418  0.443
p.Age 5126.5.Plankton            0.189 0.141 0.002 0.005  0.045  0.194  0.318  0.402  0.422
p.Age 5389.5.Plankton            0.225 0.130 0.004 0.016  0.111  0.237  0.337  0.419  0.439
p.Age 5500.Plankton              0.194 0.149 0.001 0.002  0.035  0.210  0.332  0.410  0.431
p.Age 5598.Plankton              0.195 0.150 0.001 0.002  0.031  0.215  0.332  0.413  0.434
p.Age 5765.5.Plankton            0.246 0.119 0.013 0.040  0.154  0.251  0.345  0.420  0.439
p.Age 5838.Plankton              0.204 0.145 0.001 0.004  0.054  0.218  0.335  0.415  0.435
p.Age 5906.Plankton              0.212 0.139 0.002 0.005  0.077  0.226  0.335  0.414  0.435
p.Age 5969.Plankton              0.197 0.147 0.001 0.003  0.043  0.210  0.330  0.411  0.433
p.Age 6087.Plankton              0.195 0.149 0.001 0.003  0.033  0.213  0.329  0.412  0.436
p.Age 6196.Plankton              0.213 0.137 0.002 0.007  0.083  0.226  0.333  0.414  0.437
p.Age 6303.Plankton              0.198 0.148 0.001 0.003  0.040  0.211  0.332  0.413  0.434
p.Age 6410.Plankton              0.204 0.144 0.002 0.004  0.058  0.219  0.334  0.413  0.435
p.Age 6517.Plankton              0.211 0.139 0.002 0.007  0.078  0.223  0.335  0.414  0.433
p.Age 6730.Plankton              0.212 0.137 0.002 0.006  0.082  0.228  0.332  0.411  0.428
p.Age 6837.Plankton              0.195 0.143 0.001 0.003  0.041  0.209  0.324  0.403  0.421
p.Age 6943.Plankton              0.440 0.185 0.076 0.139  0.305  0.401  0.616  0.707  0.729
p.Age 7050.Plankton              0.478 0.221 0.075 0.142  0.310  0.405  0.702  0.784  0.806
p.Age 7157.Plankton              0.248 0.115 0.014 0.040  0.164  0.258  0.341  0.415  0.437
p.Age -57.Soil                   0.354 0.241 0.014 0.027  0.134  0.318  0.577  0.726  0.764
p.Age 185.Soil                   0.424 0.318 0.015 0.026  0.133  0.335  0.730  0.954  0.981
p.Age 421.Soil                   0.365 0.251 0.015 0.026  0.134  0.321  0.606  0.750  0.783
p.Age 644.5.Soil                 0.461 0.356 0.015 0.027  0.132  0.345  0.867  0.985  0.993
p.Age 856.Soil                   0.470 0.363 0.014 0.027  0.132  0.347  0.888  0.990  0.995
p.Age 1254.Soil                  0.431 0.323 0.015 0.027  0.135  0.348  0.742  0.960  0.986
p.Age 1638.Soil                  0.470 0.360 0.014 0.026  0.136  0.351  0.882  0.989  0.995
p.Age 2031.Soil                  0.471 0.361 0.014 0.026  0.133  0.358  0.881  0.987  0.994
p.Age 2456.Soil                  0.469 0.359 0.014 0.026  0.133  0.353  0.885  0.987  0.995
p.Age 2914.Soil                  0.473 0.362 0.015 0.027  0.134  0.360  0.884  0.986  0.994
p.Age 3375.Soil                  0.471 0.362 0.014 0.026  0.132  0.358  0.884  0.987  0.994
p.Age 3821.Soil                  0.463 0.354 0.014 0.025  0.133  0.354  0.852  0.986  0.994
p.Age 4242.Soil                  0.445 0.337 0.015 0.027  0.136  0.348  0.789  0.973  0.988
p.Age 4440.Soil                  0.470 0.363 0.014 0.026  0.133  0.343  0.891  0.987  0.995
p.Age 4629.Soil                  0.330 0.233 0.014 0.025  0.125  0.291  0.510  0.747  0.799
p.Age 4807.5.Soil                0.467 0.358 0.014 0.027  0.134  0.351  0.876  0.987  0.995
p.Age 4974.Soil                  0.446 0.338 0.015 0.026  0.133  0.349  0.813  0.964  0.985
p.Age 5126.5.Soil                0.257 0.197 0.010 0.019  0.097  0.206  0.382  0.638  0.697
p.Age 5389.5.Soil                0.445 0.336 0.014 0.027  0.135  0.352  0.809  0.963  0.987
p.Age 5500.Soil                  0.467 0.358 0.014 0.025  0.136  0.348  0.876  0.987  0.995
p.Age 5598.Soil                  0.467 0.362 0.013 0.025  0.133  0.346  0.891  0.989  0.994
p.Age 5765.5.Soil                0.426 0.316 0.016 0.027  0.135  0.343  0.754  0.914  0.969
p.Age 5838.Soil                  0.466 0.356 0.014 0.027  0.135  0.354  0.870  0.985  0.993
p.Age 5906.Soil                  0.458 0.349 0.015 0.027  0.135  0.348  0.845  0.980  0.991
p.Age 5969.Soil                  0.470 0.359 0.013 0.025  0.132  0.354  0.873  0.988  0.995
p.Age 6087.Soil                  0.465 0.357 0.014 0.026  0.134  0.352  0.870  0.986  0.994
p.Age 6196.Soil                  0.454 0.346 0.014 0.027  0.135  0.347  0.836  0.976  0.991
p.Age 6303.Soil                  0.468 0.360 0.014 0.026  0.133  0.356  0.886  0.988  0.995
p.Age 6410.Soil                  0.462 0.356 0.015 0.026  0.133  0.347  0.870  0.986  0.993
p.Age 6517.Soil                  0.458 0.351 0.015 0.026  0.133  0.342  0.854  0.978  0.990
p.Age 6730.Soil                  0.450 0.347 0.014 0.027  0.133  0.339  0.835  0.980  0.993
p.Age 6837.Soil                  0.412 0.327 0.013 0.025  0.125  0.305  0.730  0.973  0.988
p.Age 6943.Soil                  0.239 0.168 0.013 0.023  0.107  0.220  0.336  0.556  0.687
p.Age 7050.Soil                  0.218 0.162 0.013 0.024  0.100  0.191  0.288  0.560  0.671
p.Age 7157.Soil                  0.402 0.306 0.014 0.025  0.131  0.318  0.705  0.908  0.968
p.Age -57.Terrestrial plants     0.075 0.088 0.000 0.001  0.014  0.052  0.106  0.229  0.300
p.Age 185.Terrestrial plants     0.095 0.111 0.000 0.001  0.020  0.068  0.128  0.283  0.389
p.Age 421.Terrestrial plants     0.075 0.086 0.000 0.001  0.014  0.050  0.106  0.229  0.291
p.Age 644.5.Terrestrial plants   0.084 0.115 0.000 0.000  0.012  0.052  0.111  0.265  0.371
p.Age 856.Terrestrial plants     0.079 0.110 0.000 0.000  0.010  0.047  0.107  0.242  0.331
p.Age 1254.Terrestrial plants    0.094 0.112 0.000 0.001  0.020  0.065  0.126  0.283  0.370
p.Age 1638.Terrestrial plants    0.077 0.107 0.000 0.000  0.009  0.046  0.105  0.243  0.337
p.Age 2031.Terrestrial plants    0.077 0.107 0.000 0.000  0.010  0.048  0.106  0.233  0.313
p.Age 2456.Terrestrial plants    0.078 0.106 0.000 0.000  0.010  0.048  0.109  0.239  0.319
p.Age 2914.Terrestrial plants    0.077 0.104 0.000 0.000  0.010  0.047  0.107  0.233  0.318
p.Age 3375.Terrestrial plants    0.077 0.110 0.000 0.000  0.009  0.046  0.105  0.233  0.327
p.Age 3821.Terrestrial plants    0.082 0.110 0.000 0.000  0.012  0.053  0.111  0.247  0.344
p.Age 4242.Terrestrial plants    0.085 0.106 0.000 0.001  0.015  0.057  0.117  0.256  0.344
p.Age 4440.Terrestrial plants    0.080 0.115 0.000 0.000  0.010  0.047  0.109  0.240  0.366
p.Age 4629.Terrestrial plants    0.136 0.143 0.000 0.001  0.032  0.092  0.191  0.422  0.529
p.Age 4807.5.Terrestrial plants  0.078 0.103 0.000 0.000  0.011  0.047  0.107  0.246  0.337
p.Age 4974.Terrestrial plants    0.075 0.098 0.000 0.000  0.010  0.046  0.104  0.229  0.312
p.Age 5126.5.Terrestrial plants  0.185 0.202 0.000 0.001  0.035  0.105  0.282  0.635  0.726
p.Age 5389.5.Terrestrial plants  0.076 0.102 0.000 0.001  0.010  0.046  0.103  0.236  0.327
p.Age 5500.Terrestrial plants    0.079 0.107 0.000 0.000  0.011  0.048  0.106  0.233  0.330
p.Age 5598.Terrestrial plants    0.083 0.124 0.000 0.000  0.010  0.048  0.108  0.252  0.416
p.Age 5765.5.Terrestrial plants  0.075 0.096 0.000 0.001  0.012  0.047  0.103  0.229  0.311
p.Age 5838.Terrestrial plants    0.076 0.103 0.000 0.000  0.009  0.046  0.104  0.233  0.323
p.Age 5906.Terrestrial plants    0.074 0.100 0.000 0.000  0.009  0.044  0.102  0.232  0.313
p.Age 5969.Terrestrial plants    0.075 0.107 0.000 0.000  0.009  0.045  0.104  0.230  0.324
p.Age 6087.Terrestrial plants    0.078 0.109 0.000 0.000  0.010  0.046  0.106  0.252  0.334
p.Age 6196.Terrestrial plants    0.074 0.098 0.000 0.000  0.010  0.044  0.101  0.232  0.316
p.Age 6303.Terrestrial plants    0.074 0.104 0.000 0.000  0.009  0.043  0.102  0.233  0.309
p.Age 6410.Terrestrial plants    0.074 0.105 0.000 0.000  0.009  0.043  0.102  0.233  0.325
p.Age 6517.Terrestrial plants    0.073 0.097 0.000 0.000  0.009  0.043  0.101  0.231  0.310
p.Age 6730.Terrestrial plants    0.074 0.103 0.000 0.000  0.009  0.045  0.102  0.229  0.305
p.Age 6837.Terrestrial plants    0.087 0.119 0.000 0.001  0.014  0.056  0.114  0.273  0.392
p.Age 6943.Terrestrial plants    0.069 0.074 0.000 0.001  0.014  0.048  0.102  0.209  0.251
p.Age 7050.Terrestrial plants    0.067 0.075 0.000 0.001  0.012  0.045  0.099  0.209  0.248
p.Age 7157.Terrestrial plants    0.078 0.104 0.000 0.001  0.012  0.048  0.107  0.245  0.345
