
################################################################################
# Gelman-Rubin Diagnostic
################################################################################

Generally the Gelman diagnostic should be < 1.05


Out of 80 variables: 80 > 1.01

                      
62 > 1.05

                      
30 > 1.1


The worst variables are:

            Point est. Upper C.I.
p.global[4]   1.293263   1.842573
p.fac1[6,4]   1.284254   1.819870
p.fac1[6,2]   1.283483   1.832145
p.fac1[5,2]   1.283035   1.844828
p.fac1[7,4]   1.277738   1.802008
p.fac1[9,4]   1.275581   1.807725
p.fac1[8,4]   1.273843   1.794517
p.global[2]   1.267589   1.778656
p.fac1[2,4]   1.257292   1.748233
p.fac1[3,4]   1.256044   1.735359


And here are the Gelman diagnostics for all variables:

              Point est. Upper C.I.
deviance        1.136118   1.404628
fac1.sig        1.222935   1.649721
ilr.fac1[1,1]   1.013246   1.026987
ilr.fac1[1,2]   1.066238   1.092285
ilr.fac1[1,3]   1.104995   1.183709
ilr.fac1[2,1]   1.170671   1.500871
ilr.fac1[2,2]   1.112471   1.236862
ilr.fac1[2,3]   1.023163   1.044486
ilr.fac1[3,1]   1.025755   1.027632
ilr.fac1[3,2]   1.078122   1.093732
ilr.fac1[3,3]   1.028503   1.030222
ilr.fac1[4,1]   1.142995   1.420829
ilr.fac1[4,2]   1.053028   1.065543
ilr.fac1[4,3]   1.036697   1.048888
ilr.fac1[5,1]   1.028672   1.080565
ilr.fac1[5,2]   1.019465   1.031444
ilr.fac1[5,3]   1.054710   1.067744
ilr.fac1[6,1]   1.026641   1.076263
ilr.fac1[6,2]   1.076334   1.096352
ilr.fac1[6,3]   1.070381   1.121585
ilr.fac1[7,1]   1.014446   1.022870
ilr.fac1[7,2]   1.033080   1.034857
ilr.fac1[7,3]   1.052159   1.059120
ilr.fac1[8,1]   1.153567   1.453441
ilr.fac1[8,2]   1.049815   1.079864
ilr.fac1[8,3]   1.019410   1.031751
ilr.fac1[9,1]   1.030756   1.038593
ilr.fac1[9,2]   1.128999   1.136938
ilr.fac1[9,3]   1.058050   1.139981
loglik[1]       1.033993   1.083393
loglik[2]       1.055894   1.164413
loglik[3]       1.023080   1.075993
loglik[4]       1.038429   1.111910
loglik[5]       1.069955   1.227552
loglik[6]       1.107367   1.328337
loglik[7]       1.065404   1.204066
loglik[8]       1.033482   1.094679
loglik[9]       1.043383   1.146882
p.fac1[1,1]     1.072817   1.229811
p.fac1[1,2]     1.185505   1.542155
p.fac1[1,3]     1.083584   1.267501
p.fac1[1,4]     1.254322   1.740324
p.fac1[2,1]     1.052258   1.155899
p.fac1[2,2]     1.079314   1.233827
p.fac1[2,3]     1.067502   1.211261
p.fac1[2,4]     1.257292   1.748233
p.fac1[3,1]     1.078845   1.246560
p.fac1[3,2]     1.222218   1.648814
p.fac1[3,3]     1.075767   1.244816
p.fac1[3,4]     1.256044   1.735359
p.fac1[4,1]     1.062232   1.178386
p.fac1[4,2]     1.109701   1.322527
p.fac1[4,3]     1.087832   1.276974
p.fac1[4,4]     1.234876   1.684991
p.fac1[5,1]     1.082366   1.261818
p.fac1[5,2]     1.283035   1.844828
p.fac1[5,3]     1.103995   1.327614
p.fac1[5,4]     1.249215   1.722318
p.fac1[6,1]     1.078237   1.250170
p.fac1[6,2]     1.283483   1.832145
p.fac1[6,3]     1.091854   1.293633
p.fac1[6,4]     1.284254   1.819870
p.fac1[7,1]     1.067192   1.213756
p.fac1[7,2]     1.234476   1.683403
p.fac1[7,3]     1.087037   1.278574
p.fac1[7,4]     1.277738   1.802008
p.fac1[8,1]     1.058368   1.165502
p.fac1[8,2]     1.103535   1.308956
p.fac1[8,3]     1.097910   1.309523
p.fac1[8,4]     1.273843   1.794517
p.fac1[9,1]     1.074675   1.239713
p.fac1[9,2]     1.246053   1.710083
p.fac1[9,3]     1.084890   1.271813
p.fac1[9,4]     1.275581   1.807725
p.global[1]     1.083867   1.264733
p.global[2]     1.267589   1.778656
p.global[3]     1.097860   1.310271
p.global[4]     1.293263   1.842573
resid.prop[1]   1.059338   1.180721
resid.prop[2]   1.104858   1.260860

################################################################################
# Geweke Diagnostic
################################################################################

The Geweke diagnostic is a standard z-score, so we'd expect 5% to be outside +/-1.96
Number of variables outside +/-1.96 in each chain (out of 
80
):


       Chain 1 Chain 2 Chain 3
Geweke      32      43      62


And here are the Geweke diagnostics for all variables:

              chain1 chain2 chain3
deviance      -1.028 -0.228  5.724
fac1.sig      -2.297  1.155 -4.955
ilr.fac1[1,1]  1.579 -0.302  0.043
ilr.fac1[1,2]  0.761 -1.697  1.504
ilr.fac1[1,3]  3.078 -0.845  4.251
ilr.fac1[2,1] -1.905  2.292 -8.661
ilr.fac1[2,2]  0.896  0.607  1.412
ilr.fac1[2,3]  1.097 -2.233  2.723
ilr.fac1[3,1]  0.912 -0.922 -0.534
ilr.fac1[3,2] -2.250 -1.494 -0.226
ilr.fac1[3,3] -0.549  0.259  0.300
ilr.fac1[4,1] -1.051  0.234 -8.822
ilr.fac1[4,2]  2.150  0.684  2.745
ilr.fac1[4,3]  0.058 -2.180  0.831
ilr.fac1[5,1]  2.069 -3.007  8.197
ilr.fac1[5,2] -0.664 -2.064 -0.948
ilr.fac1[5,3] -0.025 -2.469  1.108
ilr.fac1[6,1]  1.591  0.102  4.971
ilr.fac1[6,2] -0.753 -0.302  0.367
ilr.fac1[6,3] -1.091  1.483 -3.453
ilr.fac1[7,1]  1.589 -2.733  0.766
ilr.fac1[7,2] -1.658  1.146 -0.540
ilr.fac1[7,3] -2.031 -0.432 -1.243
ilr.fac1[8,1] -1.979  0.987 -5.225
ilr.fac1[8,2]  2.299 -0.060 -0.238
ilr.fac1[8,3] -1.271  0.727 -1.736
ilr.fac1[9,1]  1.611  1.191  1.215
ilr.fac1[9,2]  0.581  1.063  0.544
ilr.fac1[9,3] -1.693  1.641 -3.745
loglik[1]     -1.073  1.456 -2.508
loglik[2]      0.383  0.678 -4.515
loglik[3]      2.507 -0.135 -1.280
loglik[4]      0.802  0.091 -4.155
loglik[5]     -1.174  0.550 -6.224
loglik[6]      0.718 -0.759 -5.304
loglik[7]      0.802 -0.177 -4.074
loglik[8]      1.240  1.712 -3.259
loglik[9]      1.816 -0.274 -3.754
p.fac1[1,1]    2.528  2.357 11.359
p.fac1[1,2]   -2.563 -3.870 -6.264
p.fac1[1,3]    0.559 -3.616  5.396
p.fac1[1,4]   -3.097 12.089 -5.642
p.fac1[2,1]    1.993  2.861  7.873
p.fac1[2,2]   -1.391 -2.985 -2.865
p.fac1[2,3]    0.556 -4.630  2.431
p.fac1[2,4]   -4.176 10.607 -5.099
p.fac1[3,1]    1.876  2.461 10.356
p.fac1[3,2]   -2.233 -2.167 -6.258
p.fac1[3,3]    0.744 -4.862  3.368
p.fac1[3,4]   -2.758  9.856 -6.408
p.fac1[4,1]    1.678  1.790  9.347
p.fac1[4,2]   -1.987 -2.785 -4.010
p.fac1[4,3]    0.462 -4.979  3.687
p.fac1[4,4]   -3.639  9.752 -5.328
p.fac1[5,1]    2.759  1.400 11.702
p.fac1[5,2]   -3.027 -2.955 -7.326
p.fac1[5,3]    0.629 -3.756  5.113
p.fac1[5,4]   -2.894 12.533 -4.482
p.fac1[6,1]    1.631  2.539 10.669
p.fac1[6,2]   -2.189 -3.314 -7.167
p.fac1[6,3]    0.585 -3.549  5.615
p.fac1[6,4]   -2.923 12.273 -4.686
p.fac1[7,1]    1.876  1.716 10.927
p.fac1[7,2]   -2.730 -1.749 -7.625
p.fac1[7,3]    0.770 -4.637  6.093
p.fac1[7,4]   -2.722 14.383 -4.518
p.fac1[8,1]    1.805  2.069  5.048
p.fac1[8,2]   -1.473 -2.109 -5.086
p.fac1[8,3]    0.350 -4.321  4.071
p.fac1[8,4]   -2.634 11.903 -4.897
p.fac1[9,1]    2.191  2.144  9.087
p.fac1[9,2]   -2.410 -2.003 -7.161
p.fac1[9,3]    0.549 -4.593  5.714
p.fac1[9,4]   -2.873 10.234 -4.341
p.global[1]    1.885  1.993  7.500
p.global[2]   -2.019 -2.391 -5.069
p.global[3]    0.608 -3.709  4.289
p.global[4]   -3.122 10.826 -4.090
resid.prop[1] -2.038 -0.472  2.389
resid.prop[2] -0.424  1.066  2.561
