
#################################################################
# Summary Statistics
#################################################################

DIC = -5.952361

                           Mean    SD  2.5%    5%   25%   50%   75%   95% 97.5%
Epsilon.1                 0.128 0.121 0.015 0.020 0.052 0.087 0.162 0.366 0.457
Epsilon.2                 0.058 0.057 0.010 0.012 0.025 0.041 0.067 0.162 0.224
Age.SD                    0.123 0.106 0.003 0.004 0.030 0.109 0.184 0.304 0.419
p.global.Algae            0.363 0.113 0.172 0.195 0.263 0.370 0.460 0.538 0.575
p.global.Aquatic_plants   0.442 0.091 0.290 0.302 0.382 0.433 0.504 0.610 0.623
p.global.Soil             0.105 0.056 0.024 0.027 0.055 0.098 0.148 0.201 0.239
p.global.Terrestrial      0.090 0.053 0.021 0.024 0.041 0.078 0.126 0.193 0.214
p.Age -50.Algae           0.357 0.116 0.159 0.181 0.259 0.357 0.446 0.546 0.581
p.Age 1009.Algae          0.377 0.116 0.159 0.194 0.286 0.385 0.467 0.568 0.603
p.Age 2008.Algae          0.363 0.115 0.165 0.188 0.261 0.370 0.449 0.549 0.585
p.Age 3007.Algae          0.376 0.115 0.159 0.194 0.280 0.384 0.464 0.570 0.598
p.Age 4006.Algae          0.350 0.116 0.145 0.175 0.251 0.354 0.441 0.536 0.577
p.Age 5005.Algae          0.355 0.118 0.151 0.181 0.252 0.354 0.450 0.542 0.580
p.Age 6004.Algae          0.359 0.118 0.159 0.180 0.258 0.365 0.449 0.563 0.593
p.Age 7003.Algae          0.381 0.117 0.174 0.196 0.289 0.385 0.470 0.574 0.609
p.Age 7982.Algae          0.362 0.118 0.157 0.185 0.261 0.366 0.455 0.560 0.588
p.Age -50.Aquatic_plants  0.441 0.089 0.281 0.302 0.384 0.429 0.495 0.600 0.657
p.Age 1009.Aquatic_plants 0.419 0.086 0.254 0.277 0.370 0.413 0.470 0.572 0.607
p.Age 2008.Aquatic_plants 0.443 0.093 0.280 0.302 0.382 0.430 0.502 0.610 0.657
p.Age 3007.Aquatic_plants 0.422 0.086 0.263 0.285 0.372 0.418 0.472 0.573 0.609
p.Age 4006.Aquatic_plants 0.456 0.097 0.291 0.308 0.392 0.439 0.513 0.635 0.690
p.Age 5005.Aquatic_plants 0.454 0.099 0.284 0.303 0.387 0.438 0.512 0.636 0.679
p.Age 6004.Aquatic_plants 0.450 0.096 0.283 0.302 0.386 0.436 0.505 0.616 0.662
p.Age 7003.Aquatic_plants 0.420 0.086 0.256 0.284 0.368 0.415 0.475 0.561 0.611
p.Age 7982.Aquatic_plants 0.445 0.097 0.278 0.300 0.381 0.431 0.506 0.622 0.656
p.Age -50.Soil            0.106 0.058 0.022 0.025 0.059 0.104 0.143 0.210 0.242
p.Age 1009.Soil           0.110 0.060 0.022 0.028 0.059 0.108 0.149 0.218 0.244
p.Age 2008.Soil           0.104 0.057 0.021 0.025 0.056 0.103 0.140 0.206 0.239
p.Age 3007.Soil           0.108 0.059 0.022 0.026 0.060 0.106 0.146 0.218 0.244
p.Age 4006.Soil           0.102 0.056 0.021 0.024 0.056 0.099 0.138 0.202 0.239
p.Age 5005.Soil           0.104 0.057 0.022 0.025 0.058 0.100 0.140 0.206 0.240
p.Age 6004.Soil           0.103 0.057 0.021 0.026 0.058 0.098 0.141 0.205 0.240
p.Age 7003.Soil           0.109 0.061 0.020 0.024 0.059 0.105 0.146 0.218 0.246
p.Age 7982.Soil           0.106 0.057 0.022 0.025 0.060 0.103 0.143 0.209 0.239
p.Age -50.Terrestrial     0.096 0.059 0.020 0.023 0.043 0.086 0.136 0.208 0.220
p.Age 1009.Terrestrial    0.095 0.058 0.020 0.023 0.043 0.088 0.133 0.207 0.215
p.Age 2008.Terrestrial    0.090 0.054 0.020 0.023 0.043 0.081 0.127 0.196 0.213
p.Age 3007.Terrestrial    0.093 0.058 0.021 0.024 0.043 0.081 0.132 0.207 0.217
p.Age 4006.Terrestrial    0.091 0.056 0.020 0.023 0.041 0.081 0.128 0.203 0.213
p.Age 5005.Terrestrial    0.088 0.053 0.020 0.023 0.041 0.079 0.123 0.195 0.211
p.Age 6004.Terrestrial    0.088 0.053 0.020 0.023 0.041 0.079 0.126 0.190 0.213
p.Age 7003.Terrestrial    0.090 0.054 0.020 0.023 0.043 0.081 0.126 0.201 0.213
p.Age 7982.Terrestrial    0.087 0.053 0.020 0.024 0.042 0.074 0.121 0.193 0.214
