
################################################################################
# Gelman-Rubin Diagnostic
################################################################################

Generally the Gelman diagnostic should be < 1.05


Out of 304 variables: 7 > 1.01

                      
0 > 1.05

                      
0 > 1.1


The worst variables are:

              Point est. Upper C.I.
resid.prop[1]   1.029806   1.035383
p.fac1[11,4]    1.017263   1.031527
p.fac1[7,4]     1.016618   1.026084
p.global[4]     1.010976   1.020623
p.fac1[13,4]    1.010926   1.016743
p.fac1[10,4]    1.010077   1.017695
p.fac1[32,4]    1.010064   1.017470
p.fac1[4,4]     1.009902   1.020504
p.fac1[17,2]    1.009886   1.012444
p.fac1[9,4]     1.009107   1.018417


And here are the Gelman diagnostics for all variables:

               Point est. Upper C.I.
deviance        1.0015264  1.0062183
fac1.sig        1.0054866  1.0171332
ilr.fac1[1,1]   1.0012906  1.0029041
ilr.fac1[1,2]   1.0008300  1.0028385
ilr.fac1[1,3]   0.9999150  1.0001288
ilr.fac1[10,1]  1.0015167  1.0020937
ilr.fac1[10,2]  1.0003563  1.0018661
ilr.fac1[10,3]  1.0018762  1.0027502
ilr.fac1[11,1]  1.0016384  1.0027690
ilr.fac1[11,2]  1.0050039  1.0128768
ilr.fac1[11,3]  1.0005971  1.0009087
ilr.fac1[12,1]  1.0000338  1.0002326
ilr.fac1[12,2]  1.0021675  1.0027844
ilr.fac1[12,3]  1.0017332  1.0039774
ilr.fac1[13,1]  1.0002035  1.0002088
ilr.fac1[13,2]  1.0086988  1.0251826
ilr.fac1[13,3]  0.9998946  1.0004706
ilr.fac1[14,1]  1.0006153  1.0016283
ilr.fac1[14,2]  1.0011145  1.0014700
ilr.fac1[14,3]  1.0008382  1.0016450
ilr.fac1[15,1]  1.0007568  1.0017006
ilr.fac1[15,2]  1.0024032  1.0084808
ilr.fac1[15,3]  1.0001192  1.0007795
ilr.fac1[16,1]  1.0051931  1.0066509
ilr.fac1[16,2]  1.0032713  1.0039763
ilr.fac1[16,3]  1.0022283  1.0067797
ilr.fac1[17,1]  1.0000820  1.0010821
ilr.fac1[17,2]  0.9995520  0.9996845
ilr.fac1[17,3]  1.0007197  1.0031265
ilr.fac1[18,1]  1.0001869  1.0005568
ilr.fac1[18,2]  1.0013342  1.0036251
ilr.fac1[18,3]  1.0022968  1.0065929
ilr.fac1[19,1]  1.0009586  1.0026873
ilr.fac1[19,2]  1.0005605  1.0018995
ilr.fac1[19,3]  0.9999634  1.0010169
ilr.fac1[2,1]   1.0009165  1.0037227
ilr.fac1[2,2]   1.0000148  1.0009157
ilr.fac1[2,3]   1.0019631  1.0051259
ilr.fac1[20,1]  1.0034784  1.0036609
ilr.fac1[20,2]  1.0013821  1.0024164
ilr.fac1[20,3]  1.0004512  1.0013624
ilr.fac1[21,1]  1.0017243  1.0040691
ilr.fac1[21,2]  1.0004302  1.0017590
ilr.fac1[21,3]  1.0032779  1.0062714
ilr.fac1[22,1]  1.0036533  1.0048167
ilr.fac1[22,2]  1.0031389  1.0043650
ilr.fac1[22,3]  1.0001396  1.0009895
ilr.fac1[23,1]  1.0005748  1.0025835
ilr.fac1[23,2]  1.0007245  1.0010223
ilr.fac1[23,3]  1.0003569  1.0020024
ilr.fac1[24,1]  1.0005154  1.0030436
ilr.fac1[24,2]  1.0020756  1.0026184
ilr.fac1[24,3]  0.9997366  0.9999833
ilr.fac1[25,1]  1.0024512  1.0032710
ilr.fac1[25,2]  1.0001394  1.0009439
ilr.fac1[25,3]  1.0025983  1.0034326
ilr.fac1[26,1]  1.0004021  1.0005224
ilr.fac1[26,2]  1.0029521  1.0053547
ilr.fac1[26,3]  1.0023484  1.0039736
ilr.fac1[27,1]  1.0013689  1.0038770
ilr.fac1[27,2]  1.0008838  1.0039153
ilr.fac1[27,3]  0.9999333  1.0005909
ilr.fac1[28,1]  1.0011451  1.0029932
ilr.fac1[28,2]  1.0005276  1.0010462
ilr.fac1[28,3]  1.0028260  1.0036567
ilr.fac1[29,1]  1.0005228  1.0015660
ilr.fac1[29,2]  1.0025462  1.0060374
ilr.fac1[29,3]  1.0017350  1.0038888
ilr.fac1[3,1]   1.0007861  1.0010739
ilr.fac1[3,2]   1.0017075  1.0047564
ilr.fac1[3,3]   1.0038828  1.0058615
ilr.fac1[30,1]  1.0020783  1.0037120
ilr.fac1[30,2]  1.0014826  1.0020222
ilr.fac1[30,3]  1.0005707  1.0033652
ilr.fac1[31,1]  0.9999921  1.0005596
ilr.fac1[31,2]  1.0018573  1.0049733
ilr.fac1[31,3]  1.0039327  1.0070758
ilr.fac1[32,1]  1.0008121  1.0013621
ilr.fac1[32,2]  1.0051461  1.0151308
ilr.fac1[32,3]  1.0008119  1.0019268
ilr.fac1[33,1]  1.0041878  1.0051944
ilr.fac1[33,2]  1.0044191  1.0093077
ilr.fac1[33,3]  1.0003228  1.0016957
ilr.fac1[34,1]  1.0024188  1.0055219
ilr.fac1[34,2]  1.0009788  1.0026216
ilr.fac1[34,3]  1.0028391  1.0031443
ilr.fac1[35,1]  1.0001182  1.0008494
ilr.fac1[35,2]  1.0007285  1.0013101
ilr.fac1[35,3]  1.0010008  1.0011286
ilr.fac1[36,1]  1.0041615  1.0117772
ilr.fac1[36,2]  1.0054791  1.0101389
ilr.fac1[36,3]  0.9998292  1.0003035
ilr.fac1[37,1]  1.0001116  1.0005322
ilr.fac1[37,2]  1.0023872  1.0074795
ilr.fac1[37,3]  1.0012999  1.0015068
ilr.fac1[4,1]   1.0031637  1.0051561
ilr.fac1[4,2]   1.0012924  1.0021787
ilr.fac1[4,3]   1.0020869  1.0034793
ilr.fac1[5,1]   1.0022131  1.0057024
ilr.fac1[5,2]   1.0048015  1.0060783
ilr.fac1[5,3]   1.0013455  1.0016355
ilr.fac1[6,1]   1.0041280  1.0111733
ilr.fac1[6,2]   1.0028777  1.0112673
ilr.fac1[6,3]   1.0023397  1.0024297
ilr.fac1[7,1]   1.0010590  1.0027891
ilr.fac1[7,2]   1.0025448  1.0027403
ilr.fac1[7,3]   1.0000248  1.0001284
ilr.fac1[8,1]   1.0000645  1.0004441
ilr.fac1[8,2]   1.0019427  1.0053475
ilr.fac1[8,3]   1.0021996  1.0050463
ilr.fac1[9,1]   1.0029562  1.0037115
ilr.fac1[9,2]   1.0016605  1.0034298
ilr.fac1[9,3]   1.0020429  1.0063711
loglik[1]       1.0087687  1.0198448
loglik[10]      1.0014216  1.0042707
loglik[11]      1.0019118  1.0054452
loglik[12]      1.0003245  1.0014909
loglik[13]      1.0029795  1.0111034
loglik[14]      1.0018428  1.0020816
loglik[15]      1.0007458  1.0030433
loglik[16]      1.0029889  1.0108717
loglik[17]      1.0004104  1.0022515
loglik[18]      1.0023714  1.0027827
loglik[19]      1.0001580  1.0009276
loglik[2]       1.0055135  1.0063718
loglik[20]      0.9999568  1.0006681
loglik[21]      1.0030108  1.0082918
loglik[22]      1.0041869  1.0079082
loglik[23]      0.9995246  0.9995453
loglik[24]      1.0005394  1.0021031
loglik[25]      1.0008827  1.0035637
loglik[26]      1.0003192  1.0020942
loglik[27]      1.0004601  1.0019649
loglik[28]      1.0004028  1.0004589
loglik[29]      1.0008635  1.0033001
loglik[3]       1.0014051  1.0016441
loglik[30]      1.0016324  1.0020611
loglik[31]      1.0019389  1.0021415
loglik[32]      1.0018546  1.0027092
loglik[33]      1.0027550  1.0061615
loglik[34]      1.0012708  1.0034089
loglik[35]      0.9998420  0.9999523
loglik[36]      1.0027763  1.0079773
loglik[37]      1.0005347  1.0027784
loglik[4]       1.0007410  1.0017171
loglik[5]       1.0005151  1.0008292
loglik[6]       1.0041175  1.0156361
loglik[7]       1.0002580  1.0013959
loglik[8]       1.0019134  1.0038812
loglik[9]       1.0003098  1.0017710
p.fac1[1,1]     1.0075681  1.0093925
p.fac1[1,2]     1.0006349  1.0009392
p.fac1[1,3]     1.0080057  1.0095084
p.fac1[1,4]     1.0044028  1.0071569
p.fac1[10,1]    1.0011640  1.0041650
p.fac1[10,2]    1.0006828  1.0011702
p.fac1[10,3]    1.0015577  1.0050766
p.fac1[10,4]    1.0100774  1.0176947
p.fac1[11,1]    1.0024134  1.0072427
p.fac1[11,2]    1.0007224  1.0011697
p.fac1[11,3]    1.0026263  1.0080807
p.fac1[11,4]    1.0172630  1.0315269
p.fac1[12,1]    0.9998852  1.0002589
p.fac1[12,2]    1.0005455  1.0007461
p.fac1[12,3]    0.9998239  1.0001817
p.fac1[12,4]    1.0042053  1.0065989
p.fac1[13,1]    1.0042669  1.0149143
p.fac1[13,2]    1.0016586  1.0037187
p.fac1[13,3]    1.0046240  1.0159756
p.fac1[13,4]    1.0109260  1.0167434
p.fac1[14,1]    1.0011048  1.0020694
p.fac1[14,2]    1.0044884  1.0064702
p.fac1[14,3]    1.0011675  1.0020943
p.fac1[14,4]    1.0036057  1.0066171
p.fac1[15,1]    1.0050925  1.0145918
p.fac1[15,2]    1.0001407  1.0007058
p.fac1[15,3]    1.0053217  1.0155904
p.fac1[15,4]    1.0017275  1.0059404
p.fac1[16,1]    1.0007542  1.0019169
p.fac1[16,2]    1.0019550  1.0033417
p.fac1[16,3]    1.0006056  1.0015022
p.fac1[16,4]    1.0000971  1.0012358
p.fac1[17,1]    1.0015428  1.0043639
p.fac1[17,2]    1.0098864  1.0124444
p.fac1[17,3]    1.0018349  1.0051258
p.fac1[17,4]    1.0070660  1.0123731
p.fac1[18,1]    1.0023837  1.0082923
p.fac1[18,2]    1.0001629  1.0013195
p.fac1[18,3]    1.0027485  1.0091004
p.fac1[18,4]    1.0019259  1.0041052
p.fac1[19,1]    1.0017678  1.0038748
p.fac1[19,2]    1.0001361  1.0002256
p.fac1[19,3]    1.0018939  1.0041412
p.fac1[19,4]    1.0009175  1.0024528
p.fac1[2,1]     0.9999804  1.0000735
p.fac1[2,2]     1.0006853  1.0016487
p.fac1[2,3]     1.0000684  1.0001509
p.fac1[2,4]     1.0074886  1.0101528
p.fac1[20,1]    1.0000319  1.0001124
p.fac1[20,2]    1.0007273  1.0024377
p.fac1[20,3]    0.9999249  1.0000257
p.fac1[20,4]    1.0047621  1.0082731
p.fac1[21,1]    1.0010559  1.0029793
p.fac1[21,2]    1.0022675  1.0046131
p.fac1[21,3]    1.0012428  1.0035372
p.fac1[21,4]    1.0082188  1.0189801
p.fac1[22,1]    1.0035373  1.0072179
p.fac1[22,2]    1.0024224  1.0026817
p.fac1[22,3]    1.0035537  1.0075112
p.fac1[22,4]    1.0045807  1.0072761
p.fac1[23,1]    1.0001193  1.0003580
p.fac1[23,2]    1.0044151  1.0046107
p.fac1[23,3]    1.0000883  1.0004200
p.fac1[23,4]    1.0012884  1.0023333
p.fac1[24,1]    1.0009423  1.0025945
p.fac1[24,2]    1.0049976  1.0080767
p.fac1[24,3]    1.0011523  1.0030018
p.fac1[24,4]    1.0024184  1.0053074
p.fac1[25,1]    1.0012303  1.0027567
p.fac1[25,2]    0.9996405  0.9997435
p.fac1[25,3]    1.0012884  1.0030373
p.fac1[25,4]    1.0067877  1.0125126
p.fac1[26,1]    1.0012330  1.0033041
p.fac1[26,2]    1.0007484  1.0032983
p.fac1[26,3]    1.0013412  1.0037471
p.fac1[26,4]    1.0067036  1.0116414
p.fac1[27,1]    1.0002584  1.0011067
p.fac1[27,2]    1.0011257  1.0026291
p.fac1[27,3]    1.0002561  1.0011733
p.fac1[27,4]    1.0078806  1.0129225
p.fac1[28,1]    1.0015052  1.0043608
p.fac1[28,2]    1.0060211  1.0081240
p.fac1[28,3]    1.0016279  1.0045569
p.fac1[28,4]    1.0009194  1.0017718
p.fac1[29,1]    1.0027724  1.0087639
p.fac1[29,2]    1.0023124  1.0046155
p.fac1[29,3]    1.0029846  1.0094019
p.fac1[29,4]    1.0021861  1.0060647
p.fac1[3,1]     1.0013793  1.0029148
p.fac1[3,2]     1.0020161  1.0027636
p.fac1[3,3]     1.0015024  1.0030577
p.fac1[3,4]     1.0024259  1.0036573
p.fac1[30,1]    1.0004409  1.0023486
p.fac1[30,2]    0.9999924  1.0001145
p.fac1[30,3]    1.0004614  1.0024231
p.fac1[30,4]    1.0006128  1.0019207
p.fac1[31,1]    1.0007122  1.0027073
p.fac1[31,2]    1.0006149  1.0028092
p.fac1[31,3]    1.0007514  1.0029499
p.fac1[31,4]    1.0014859  1.0039750
p.fac1[32,1]    1.0031706  1.0106153
p.fac1[32,2]    1.0034695  1.0040568
p.fac1[32,3]    1.0033290  1.0110505
p.fac1[32,4]    1.0100639  1.0174703
p.fac1[33,1]    1.0016570  1.0052234
p.fac1[33,2]    1.0033550  1.0061191
p.fac1[33,3]    1.0016095  1.0053795
p.fac1[33,4]    1.0018970  1.0040250
p.fac1[34,1]    1.0037267  1.0105538
p.fac1[34,2]    1.0001181  1.0002710
p.fac1[34,3]    1.0036427  1.0101877
p.fac1[34,4]    1.0025374  1.0031782
p.fac1[35,1]    1.0010272  1.0021957
p.fac1[35,2]    1.0001266  1.0002273
p.fac1[35,3]    1.0013557  1.0026798
p.fac1[35,4]    1.0042774  1.0085553
p.fac1[36,1]    1.0014229  1.0038559
p.fac1[36,2]    1.0071796  1.0119803
p.fac1[36,3]    1.0015776  1.0046588
p.fac1[36,4]    1.0058117  1.0121072
p.fac1[37,1]    1.0046494  1.0130270
p.fac1[37,2]    1.0025254  1.0042761
p.fac1[37,3]    1.0046137  1.0133783
p.fac1[37,4]    1.0004400  1.0015464
p.fac1[4,1]     1.0001752  1.0007248
p.fac1[4,2]     1.0010328  1.0036602
p.fac1[4,3]     1.0001778  1.0008546
p.fac1[4,4]     1.0099024  1.0205035
p.fac1[5,1]     1.0007720  1.0015067
p.fac1[5,2]     1.0013260  1.0031860
p.fac1[5,3]     1.0006606  1.0014051
p.fac1[5,4]     1.0060719  1.0115293
p.fac1[6,1]     1.0027278  1.0081815
p.fac1[6,2]     1.0017599  1.0053428
p.fac1[6,3]     1.0025024  1.0071276
p.fac1[6,4]     1.0050628  1.0111801
p.fac1[7,1]     1.0009413  1.0022412
p.fac1[7,2]     1.0054022  1.0065420
p.fac1[7,3]     1.0009961  1.0025006
p.fac1[7,4]     1.0166180  1.0260841
p.fac1[8,1]     1.0006171  1.0031337
p.fac1[8,2]     1.0012456  1.0017725
p.fac1[8,3]     1.0007437  1.0033968
p.fac1[8,4]     1.0081612  1.0166138
p.fac1[9,1]     0.9998201  1.0005805
p.fac1[9,2]     1.0006533  1.0010643
p.fac1[9,3]     0.9999072  1.0008033
p.fac1[9,4]     1.0091067  1.0184166
p.global[1]     1.0027878  1.0061465
p.global[2]     0.9999748  1.0004045
p.global[3]     1.0033395  1.0072275
p.global[4]     1.0109760  1.0206231
resid.prop[1]   1.0298065  1.0353832
resid.prop[2]   1.0001458  1.0007935

################################################################################
# Geweke Diagnostic
################################################################################

The Geweke diagnostic is a standard z-score, so we'd expect 5% to be outside +/-1.96
Number of variables outside +/-1.96 in each chain (out of 
304
):


       Chain 1 Chain 2 Chain 3
Geweke      23      37      16


And here are the Geweke diagnostics for all variables:


