
#################################################################
# Summary Statistics
#################################################################

DIC = -39.19072

                           Mean    SD  2.5%    5%   25%   50%   75%   95% 97.5%
Epsilon.1                 0.052 0.041 0.011 0.014 0.028 0.043 0.062 0.117 0.146
Epsilon.2                 0.039 0.016 0.017 0.019 0.028 0.037 0.047 0.069 0.079
Age.SD                    0.879 0.360 0.299 0.380 0.630 0.832 1.080 1.511 1.706
p.global.Algae            0.275 0.157 0.052 0.077 0.161 0.246 0.358 0.582 0.668
p.global.Aquatic_plants   0.005 0.005 0.000 0.000 0.001 0.003 0.006 0.014 0.018
p.global.Soil             0.712 0.161 0.306 0.400 0.628 0.742 0.828 0.918 0.942
p.global.Terrestrial      0.008 0.009 0.000 0.000 0.002 0.005 0.011 0.024 0.033
p.Age -30.Algae           0.719 0.170 0.358 0.432 0.622 0.738 0.842 0.951 0.972
p.Age 190.Algae           0.522 0.212 0.080 0.162 0.381 0.518 0.675 0.876 0.919
p.Age 410.Algae           0.407 0.226 0.025 0.056 0.235 0.385 0.565 0.824 0.879
p.Age 629.Algae           0.360 0.258 0.013 0.029 0.152 0.297 0.544 0.860 0.915
p.Age 849.Algae           0.434 0.216 0.034 0.088 0.272 0.422 0.581 0.823 0.885
p.Age 1069.Algae          0.606 0.198 0.187 0.284 0.474 0.613 0.750 0.923 0.957
p.Age 1289.Algae          0.461 0.240 0.027 0.076 0.276 0.447 0.639 0.874 0.927
p.Age 1508.Algae          0.249 0.216 0.007 0.015 0.072 0.185 0.377 0.688 0.776
p.Age 1728.Algae          0.248 0.221 0.006 0.013 0.069 0.178 0.370 0.709 0.808
p.Age 1948.Algae          0.247 0.211 0.009 0.018 0.083 0.184 0.360 0.687 0.783
p.Age 2168.Algae          0.284 0.226 0.012 0.021 0.106 0.220 0.412 0.754 0.831
p.Age 2388.Algae          0.251 0.228 0.008 0.015 0.075 0.176 0.374 0.739 0.831
p.Age 2607.Algae          0.244 0.216 0.007 0.013 0.077 0.176 0.360 0.697 0.805
p.Age 2827.Algae          0.238 0.210 0.007 0.014 0.071 0.178 0.351 0.670 0.774
p.Age 3047.Algae          0.216 0.196 0.008 0.015 0.070 0.160 0.305 0.636 0.756
p.Age 3267.Algae          0.217 0.178 0.010 0.020 0.086 0.169 0.304 0.585 0.677
p.Age 3486.Algae          0.232 0.204 0.007 0.014 0.069 0.172 0.347 0.655 0.743
p.Age 3706.Algae          0.228 0.199 0.007 0.014 0.078 0.171 0.328 0.654 0.742
p.Age 3926.Algae          0.265 0.208 0.010 0.019 0.103 0.215 0.376 0.690 0.799
p.Age 4146.Algae          0.261 0.223 0.008 0.017 0.089 0.197 0.372 0.741 0.824
p.Age 4366.Algae          0.276 0.248 0.006 0.015 0.084 0.187 0.414 0.806 0.876
p.Age 4585.Algae          0.343 0.213 0.018 0.039 0.179 0.313 0.484 0.743 0.821
p.Age 4805.Algae          0.335 0.208 0.020 0.040 0.181 0.305 0.463 0.736 0.817
p.Age 5025.Algae          0.294 0.217 0.014 0.025 0.128 0.244 0.424 0.732 0.832
p.Age 5245.Algae          0.262 0.218 0.011 0.018 0.094 0.198 0.379 0.725 0.814
p.Age 5465.Algae          0.252 0.237 0.006 0.013 0.070 0.165 0.371 0.765 0.849
p.Age 5684.Algae          0.305 0.222 0.013 0.024 0.130 0.254 0.437 0.746 0.837
p.Age 5904.Algae          0.330 0.209 0.017 0.039 0.175 0.297 0.450 0.740 0.837
p.Age 6124.Algae          0.263 0.204 0.012 0.023 0.103 0.213 0.372 0.680 0.788
p.Age 6344.Algae          0.248 0.227 0.007 0.013 0.071 0.171 0.362 0.744 0.816
p.Age 6563.Algae          0.251 0.237 0.006 0.013 0.067 0.160 0.382 0.758 0.858
p.Age 6783.Algae          0.258 0.247 0.006 0.011 0.059 0.168 0.400 0.787 0.867
p.Age 7003.Algae          0.228 0.196 0.007 0.016 0.077 0.171 0.326 0.638 0.734
p.Age 7223.Algae          0.220 0.193 0.008 0.016 0.070 0.161 0.314 0.622 0.727
p.Age 7443.Algae          0.217 0.182 0.009 0.015 0.081 0.170 0.302 0.596 0.703
p.Age 7662.Algae          0.245 0.190 0.010 0.020 0.101 0.202 0.340 0.635 0.735
p.Age 7882.Algae          0.263 0.197 0.013 0.025 0.113 0.217 0.365 0.666 0.755
p.Age -30.Aquatic_plants  0.005 0.006 0.000 0.000 0.001 0.002 0.006 0.018 0.023
p.Age 190.Aquatic_plants  0.005 0.007 0.000 0.000 0.001 0.003 0.006 0.018 0.024
p.Age 410.Aquatic_plants  0.005 0.006 0.000 0.000 0.001 0.002 0.006 0.017 0.023
p.Age 629.Aquatic_plants  0.004 0.006 0.000 0.000 0.001 0.002 0.005 0.015 0.020
p.Age 849.Aquatic_plants  0.005 0.007 0.000 0.000 0.001 0.003 0.007 0.020 0.026
p.Age 1069.Aquatic_plants 0.005 0.007 0.000 0.000 0.001 0.003 0.006 0.018 0.023
p.Age 1289.Aquatic_plants 0.004 0.006 0.000 0.000 0.001 0.002 0.006 0.016 0.022
p.Age 1508.Aquatic_plants 0.007 0.010 0.000 0.000 0.001 0.003 0.009 0.028 0.036
p.Age 1728.Aquatic_plants 0.007 0.009 0.000 0.000 0.001 0.003 0.008 0.027 0.036
p.Age 1948.Aquatic_plants 0.005 0.008 0.000 0.000 0.001 0.002 0.007 0.020 0.028
p.Age 2168.Aquatic_plants 0.005 0.007 0.000 0.000 0.001 0.002 0.006 0.018 0.025
p.Age 2388.Aquatic_plants 0.005 0.007 0.000 0.000 0.001 0.002 0.006 0.019 0.026
p.Age 2607.Aquatic_plants 0.005 0.008 0.000 0.000 0.001 0.002 0.006 0.021 0.028
p.Age 2827.Aquatic_plants 0.008 0.011 0.000 0.000 0.001 0.003 0.009 0.031 0.041
p.Age 3047.Aquatic_plants 0.010 0.015 0.000 0.000 0.001 0.004 0.014 0.044 0.055
p.Age 3267.Aquatic_plants 0.007 0.011 0.000 0.000 0.001 0.003 0.008 0.028 0.037
p.Age 3486.Aquatic_plants 0.010 0.014 0.000 0.000 0.001 0.004 0.012 0.040 0.052
p.Age 3706.Aquatic_plants 0.006 0.010 0.000 0.000 0.001 0.003 0.008 0.026 0.034
p.Age 3926.Aquatic_plants 0.005 0.008 0.000 0.000 0.001 0.002 0.007 0.021 0.028
p.Age 4146.Aquatic_plants 0.005 0.007 0.000 0.000 0.001 0.002 0.006 0.019 0.025
p.Age 4366.Aquatic_plants 0.004 0.006 0.000 0.000 0.001 0.002 0.005 0.016 0.022
p.Age 4585.Aquatic_plants 0.005 0.007 0.000 0.000 0.001 0.002 0.006 0.019 0.024
p.Age 4805.Aquatic_plants 0.005 0.008 0.000 0.000 0.001 0.003 0.007 0.021 0.027
p.Age 5025.Aquatic_plants 0.005 0.007 0.000 0.000 0.001 0.002 0.006 0.020 0.026
p.Age 5245.Aquatic_plants 0.005 0.007 0.000 0.000 0.001 0.002 0.006 0.019 0.025
p.Age 5465.Aquatic_plants 0.005 0.007 0.000 0.000 0.001 0.002 0.006 0.018 0.025
p.Age 5684.Aquatic_plants 0.005 0.007 0.000 0.000 0.001 0.002 0.006 0.019 0.025
p.Age 5904.Aquatic_plants 0.006 0.009 0.000 0.000 0.001 0.003 0.007 0.024 0.031
p.Age 6124.Aquatic_plants 0.005 0.007 0.000 0.000 0.001 0.002 0.007 0.020 0.026
p.Age 6344.Aquatic_plants 0.005 0.007 0.000 0.000 0.001 0.002 0.007 0.019 0.025
p.Age 6563.Aquatic_plants 0.005 0.007 0.000 0.000 0.001 0.002 0.006 0.019 0.026
p.Age 6783.Aquatic_plants 0.005 0.008 0.000 0.000 0.001 0.002 0.007 0.022 0.030
p.Age 7003.Aquatic_plants 0.007 0.010 0.000 0.000 0.001 0.003 0.009 0.028 0.037
p.Age 7223.Aquatic_plants 0.007 0.010 0.000 0.000 0.001 0.003 0.008 0.026 0.035
p.Age 7443.Aquatic_plants 0.006 0.009 0.000 0.000 0.001 0.003 0.008 0.025 0.034
p.Age 7662.Aquatic_plants 0.006 0.009 0.000 0.000 0.001 0.003 0.008 0.024 0.033
p.Age 7882.Aquatic_plants 0.006 0.009 0.000 0.000 0.001 0.003 0.007 0.023 0.031
p.Age -30.Soil            0.265 0.167 0.022 0.042 0.144 0.244 0.359 0.546 0.624
p.Age 190.Soil            0.463 0.211 0.071 0.110 0.312 0.466 0.603 0.819 0.906
p.Age 410.Soil            0.579 0.228 0.106 0.166 0.420 0.601 0.747 0.936 0.965
p.Age 629.Soil            0.629 0.260 0.079 0.131 0.444 0.692 0.838 0.964 0.981
p.Age 849.Soil            0.549 0.217 0.107 0.161 0.399 0.560 0.710 0.899 0.955
p.Age 1069.Soil           0.378 0.197 0.035 0.068 0.234 0.371 0.511 0.697 0.792
p.Age 1289.Soil           0.527 0.241 0.066 0.115 0.346 0.540 0.712 0.914 0.961
p.Age 1508.Soil           0.735 0.221 0.199 0.287 0.604 0.797 0.916 0.981 0.990
p.Age 1728.Soil           0.737 0.225 0.178 0.270 0.612 0.803 0.920 0.981 0.990
p.Age 1948.Soil           0.739 0.215 0.197 0.294 0.624 0.803 0.905 0.976 0.987
p.Age 2168.Soil           0.703 0.229 0.153 0.229 0.569 0.767 0.884 0.972 0.985
p.Age 2388.Soil           0.737 0.231 0.151 0.243 0.613 0.812 0.915 0.980 0.988
p.Age 2607.Soil           0.742 0.220 0.183 0.285 0.624 0.810 0.912 0.982 0.990
p.Age 2827.Soil           0.744 0.215 0.196 0.308 0.625 0.804 0.916 0.981 0.989
p.Age 3047.Soil           0.758 0.206 0.216 0.321 0.653 0.814 0.914 0.979 0.988
p.Age 3267.Soil           0.754 0.189 0.272 0.365 0.662 0.802 0.896 0.975 0.985
p.Age 3486.Soil           0.745 0.212 0.216 0.321 0.621 0.805 0.916 0.980 0.988
p.Age 3706.Soil           0.755 0.204 0.222 0.320 0.652 0.811 0.910 0.980 0.988
p.Age 3926.Soil           0.720 0.212 0.179 0.284 0.604 0.770 0.885 0.976 0.986
p.Age 4146.Soil           0.726 0.227 0.152 0.239 0.610 0.790 0.900 0.977 0.987
p.Age 4366.Soil           0.714 0.251 0.111 0.183 0.572 0.803 0.908 0.981 0.990
p.Age 4585.Soil           0.642 0.215 0.161 0.241 0.498 0.671 0.806 0.953 0.973
p.Age 4805.Soil           0.647 0.211 0.155 0.247 0.515 0.678 0.804 0.948 0.974
p.Age 5025.Soil           0.691 0.220 0.157 0.243 0.556 0.741 0.860 0.969 0.982
p.Age 5245.Soil           0.726 0.222 0.170 0.258 0.607 0.789 0.896 0.975 0.985
p.Age 5465.Soil           0.736 0.240 0.137 0.215 0.614 0.823 0.920 0.982 0.991
p.Age 5684.Soil           0.682 0.225 0.147 0.232 0.549 0.729 0.857 0.968 0.983
p.Age 5904.Soil           0.645 0.215 0.144 0.227 0.516 0.680 0.807 0.948 0.971
p.Age 6124.Soil           0.721 0.208 0.192 0.297 0.607 0.771 0.882 0.971 0.984
p.Age 6344.Soil           0.739 0.231 0.165 0.236 0.621 0.815 0.918 0.982 0.990
p.Age 6563.Soil           0.737 0.240 0.125 0.223 0.606 0.824 0.923 0.982 0.991
p.Age 6783.Soil           0.730 0.250 0.119 0.197 0.585 0.817 0.932 0.985 0.992
p.Age 7003.Soil           0.753 0.202 0.242 0.330 0.650 0.813 0.912 0.979 0.989
p.Age 7223.Soil           0.762 0.200 0.237 0.353 0.657 0.821 0.916 0.978 0.987
p.Age 7443.Soil           0.764 0.188 0.261 0.377 0.674 0.811 0.907 0.979 0.988
p.Age 7662.Soil           0.734 0.196 0.224 0.330 0.635 0.775 0.883 0.974 0.986
p.Age 7882.Soil           0.716 0.203 0.213 0.301 0.607 0.759 0.872 0.967 0.982
p.Age -30.Terrestrial     0.012 0.017 0.000 0.000 0.001 0.005 0.014 0.047 0.062
p.Age 190.Terrestrial     0.010 0.013 0.000 0.000 0.001 0.005 0.013 0.037 0.047
p.Age 410.Terrestrial     0.009 0.012 0.000 0.000 0.002 0.005 0.012 0.035 0.043
p.Age 629.Terrestrial     0.007 0.009 0.000 0.000 0.001 0.004 0.009 0.024 0.032
p.Age 849.Terrestrial     0.011 0.015 0.000 0.000 0.002 0.005 0.014 0.043 0.056
p.Age 1069.Terrestrial    0.011 0.014 0.000 0.000 0.002 0.005 0.014 0.040 0.051
p.Age 1289.Terrestrial    0.008 0.010 0.000 0.000 0.001 0.004 0.010 0.028 0.035
p.Age 1508.Terrestrial    0.009 0.012 0.000 0.000 0.001 0.004 0.011 0.034 0.044
p.Age 1728.Terrestrial    0.008 0.012 0.000 0.000 0.001 0.004 0.011 0.031 0.041
p.Age 1948.Terrestrial    0.009 0.012 0.000 0.000 0.001 0.004 0.011 0.034 0.046
p.Age 2168.Terrestrial    0.008 0.010 0.000 0.000 0.001 0.004 0.010 0.029 0.037
p.Age 2388.Terrestrial    0.007 0.009 0.000 0.000 0.001 0.004 0.009 0.026 0.033
p.Age 2607.Terrestrial    0.008 0.011 0.000 0.000 0.001 0.004 0.010 0.031 0.041
p.Age 2827.Terrestrial    0.010 0.015 0.000 0.000 0.001 0.004 0.012 0.041 0.052
p.Age 3047.Terrestrial    0.016 0.024 0.000 0.000 0.001 0.006 0.018 0.070 0.092
p.Age 3267.Terrestrial    0.021 0.032 0.000 0.000 0.002 0.006 0.025 0.098 0.120
p.Age 3486.Terrestrial    0.013 0.020 0.000 0.000 0.001 0.005 0.015 0.055 0.076
p.Age 3706.Terrestrial    0.010 0.015 0.000 0.000 0.001 0.004 0.013 0.041 0.052
p.Age 3926.Terrestrial    0.010 0.014 0.000 0.000 0.001 0.004 0.012 0.038 0.050
p.Age 4146.Terrestrial    0.008 0.010 0.000 0.000 0.001 0.004 0.010 0.028 0.039
p.Age 4366.Terrestrial    0.006 0.008 0.000 0.000 0.001 0.003 0.008 0.024 0.032
p.Age 4585.Terrestrial    0.010 0.013 0.000 0.000 0.001 0.005 0.013 0.037 0.048
p.Age 4805.Terrestrial    0.013 0.018 0.000 0.000 0.002 0.005 0.016 0.051 0.064
p.Age 5025.Terrestrial    0.009 0.013 0.000 0.000 0.001 0.004 0.012 0.036 0.048
p.Age 5245.Terrestrial    0.008 0.011 0.000 0.000 0.001 0.004 0.010 0.029 0.039
p.Age 5465.Terrestrial    0.007 0.010 0.000 0.000 0.001 0.003 0.009 0.026 0.036
p.Age 5684.Terrestrial    0.008 0.011 0.000 0.000 0.001 0.004 0.011 0.032 0.041
p.Age 5904.Terrestrial    0.020 0.029 0.000 0.000 0.002 0.007 0.025 0.085 0.108
p.Age 6124.Terrestrial    0.010 0.014 0.000 0.000 0.001 0.005 0.013 0.039 0.052
p.Age 6344.Terrestrial    0.008 0.011 0.000 0.000 0.001 0.004 0.010 0.029 0.040
p.Age 6563.Terrestrial    0.007 0.009 0.000 0.000 0.001 0.004 0.009 0.026 0.034
p.Age 6783.Terrestrial    0.007 0.009 0.000 0.000 0.001 0.003 0.009 0.024 0.033
p.Age 7003.Terrestrial    0.011 0.016 0.000 0.000 0.001 0.005 0.014 0.044 0.060
p.Age 7223.Terrestrial    0.012 0.017 0.000 0.000 0.001 0.005 0.013 0.048 0.064
p.Age 7443.Terrestrial    0.013 0.019 0.000 0.000 0.001 0.005 0.015 0.052 0.071
p.Age 7662.Terrestrial    0.015 0.023 0.000 0.000 0.001 0.005 0.018 0.066 0.084
p.Age 7882.Terrestrial    0.016 0.024 0.000 0.000 0.002 0.006 0.019 0.068 0.091
