
################################################################################
# Gelman-Rubin Diagnostic
################################################################################

Generally the Gelman diagnostic should be < 1.05


Out of 304 variables: 7 > 1.01

                      
0 > 1.05

                      
0 > 1.1


The worst variables are:

             Point est. Upper C.I.
p.fac1[22,2]   1.015280   1.025832
p.fac1[4,2]    1.014257   1.023612
p.fac1[27,2]   1.013803   1.018780
p.fac1[5,2]    1.012272   1.016881
p.fac1[30,2]   1.012011   1.020669
p.fac1[27,3]   1.010330   1.016661
p.fac1[27,1]   1.010115   1.017260
p.fac1[26,2]   1.009967   1.012885
p.fac1[28,4]   1.009853   1.010507
p.fac1[23,2]   1.008721   1.014504


And here are the Gelman diagnostics for all variables:

               Point est. Upper C.I.
deviance        0.9999818  1.0001802
fac1.sig        1.0009552  1.0022479
ilr.fac1[1,1]   0.9998866  1.0005273
ilr.fac1[1,2]   1.0004124  1.0007030
ilr.fac1[1,3]   0.9996371  0.9997957
ilr.fac1[10,1]  0.9999630  1.0009197
ilr.fac1[10,2]  1.0001609  1.0018253
ilr.fac1[10,3]  1.0000571  1.0015030
ilr.fac1[11,1]  1.0005475  1.0023142
ilr.fac1[11,2]  1.0022044  1.0081311
ilr.fac1[11,3]  1.0016523  1.0047051
ilr.fac1[12,1]  1.0006023  1.0028086
ilr.fac1[12,2]  1.0014986  1.0025564
ilr.fac1[12,3]  1.0011562  1.0034623
ilr.fac1[13,1]  1.0014661  1.0033504
ilr.fac1[13,2]  1.0003726  1.0009389
ilr.fac1[13,3]  1.0007152  1.0020077
ilr.fac1[14,1]  1.0003759  1.0015344
ilr.fac1[14,2]  1.0015185  1.0046087
ilr.fac1[14,3]  1.0001450  1.0015606
ilr.fac1[15,1]  1.0012765  1.0019181
ilr.fac1[15,2]  1.0008924  1.0029604
ilr.fac1[15,3]  1.0025240  1.0056915
ilr.fac1[16,1]  1.0002927  1.0020883
ilr.fac1[16,2]  1.0000730  1.0004124
ilr.fac1[16,3]  1.0054797  1.0155482
ilr.fac1[17,1]  1.0026875  1.0074258
ilr.fac1[17,2]  0.9998963  1.0008984
ilr.fac1[17,3]  1.0000212  1.0008324
ilr.fac1[18,1]  1.0001988  1.0006656
ilr.fac1[18,2]  1.0012199  1.0044826
ilr.fac1[18,3]  1.0010168  1.0033013
ilr.fac1[19,1]  0.9999351  1.0007050
ilr.fac1[19,2]  0.9996465  1.0000031
ilr.fac1[19,3]  1.0005610  1.0027152
ilr.fac1[2,1]   0.9997285  0.9997750
ilr.fac1[2,2]   1.0034274  1.0119704
ilr.fac1[2,3]   1.0004267  1.0018190
ilr.fac1[20,1]  0.9996938  0.9999792
ilr.fac1[20,2]  1.0004905  1.0014103
ilr.fac1[20,3]  0.9999606  1.0008531
ilr.fac1[21,1]  1.0005958  1.0016156
ilr.fac1[21,2]  1.0004404  1.0008936
ilr.fac1[21,3]  1.0006539  1.0023514
ilr.fac1[22,1]  1.0016687  1.0040744
ilr.fac1[22,2]  1.0015579  1.0053781
ilr.fac1[22,3]  1.0008264  1.0042585
ilr.fac1[23,1]  1.0009166  1.0022604
ilr.fac1[23,2]  1.0000906  1.0016748
ilr.fac1[23,3]  0.9997797  1.0000071
ilr.fac1[24,1]  1.0007192  1.0028855
ilr.fac1[24,2]  0.9995913  0.9997971
ilr.fac1[24,3]  1.0028729  1.0076969
ilr.fac1[25,1]  1.0006021  1.0015797
ilr.fac1[25,2]  0.9998759  1.0001403
ilr.fac1[25,3]  1.0004818  1.0023743
ilr.fac1[26,1]  1.0003956  1.0013847
ilr.fac1[26,2]  1.0014464  1.0037813
ilr.fac1[26,3]  1.0004167  1.0026087
ilr.fac1[27,1]  1.0001354  1.0006392
ilr.fac1[27,2]  1.0028413  1.0056206
ilr.fac1[27,3]  1.0004422  1.0028604
ilr.fac1[28,1]  1.0017380  1.0031427
ilr.fac1[28,2]  1.0004635  1.0012018
ilr.fac1[28,3]  1.0001136  1.0001729
ilr.fac1[29,1]  1.0024291  1.0094713
ilr.fac1[29,2]  1.0004137  1.0017906
ilr.fac1[29,3]  1.0001201  1.0017537
ilr.fac1[3,1]   1.0025952  1.0052524
ilr.fac1[3,2]   1.0003552  1.0005595
ilr.fac1[3,3]   0.9996803  1.0000032
ilr.fac1[30,1]  1.0007720  1.0031540
ilr.fac1[30,2]  1.0013755  1.0041909
ilr.fac1[30,3]  1.0010982  1.0031578
ilr.fac1[31,1]  0.9996863  1.0000797
ilr.fac1[31,2]  1.0002160  1.0014040
ilr.fac1[31,3]  1.0007945  1.0026167
ilr.fac1[32,1]  1.0001823  1.0016655
ilr.fac1[32,2]  0.9998589  1.0005370
ilr.fac1[32,3]  1.0030367  1.0089292
ilr.fac1[33,1]  1.0029876  1.0113767
ilr.fac1[33,2]  1.0000604  1.0009855
ilr.fac1[33,3]  1.0009885  1.0033353
ilr.fac1[34,1]  1.0004057  1.0023097
ilr.fac1[34,2]  1.0007991  1.0016738
ilr.fac1[34,3]  0.9996688  0.9998729
ilr.fac1[35,1]  1.0005134  1.0030557
ilr.fac1[35,2]  1.0012936  1.0039650
ilr.fac1[35,3]  1.0001840  1.0015989
ilr.fac1[36,1]  0.9997425  0.9997776
ilr.fac1[36,2]  1.0020358  1.0051483
ilr.fac1[36,3]  1.0018173  1.0021272
ilr.fac1[37,1]  0.9996947  1.0001351
ilr.fac1[37,2]  1.0028659  1.0036766
ilr.fac1[37,3]  1.0012704  1.0021762
ilr.fac1[4,1]   1.0001743  1.0010104
ilr.fac1[4,2]   1.0026617  1.0108838
ilr.fac1[4,3]   1.0000775  1.0013978
ilr.fac1[5,1]   0.9997967  0.9998643
ilr.fac1[5,2]   1.0036927  1.0041848
ilr.fac1[5,3]   0.9998158  1.0006087
ilr.fac1[6,1]   1.0010113  1.0033553
ilr.fac1[6,2]   1.0003389  1.0020819
ilr.fac1[6,3]   0.9998678  1.0006119
ilr.fac1[7,1]   1.0012470  1.0047497
ilr.fac1[7,2]   1.0007520  1.0012737
ilr.fac1[7,3]   1.0009754  1.0047340
ilr.fac1[8,1]   0.9999781  1.0003158
ilr.fac1[8,2]   1.0003611  1.0015805
ilr.fac1[8,3]   0.9999533  1.0003867
ilr.fac1[9,1]   1.0000817  1.0001191
ilr.fac1[9,2]   1.0005087  1.0023872
ilr.fac1[9,3]   1.0028545  1.0067843
loglik[1]       0.9998472  1.0001407
loglik[10]      0.9995927  0.9998287
loglik[11]      1.0007105  1.0020839
loglik[12]      1.0017022  1.0039935
loglik[13]      1.0018209  1.0064233
loglik[14]      1.0001010  1.0009912
loglik[15]      0.9999654  1.0000365
loglik[16]      1.0012966  1.0027542
loglik[17]      1.0001232  1.0011141
loglik[18]      1.0002695  1.0017024
loglik[19]      1.0050178  1.0142991
loglik[2]       1.0041871  1.0083206
loglik[20]      0.9998808  1.0002006
loglik[21]      1.0007078  1.0021697
loglik[22]      1.0009171  1.0025701
loglik[23]      1.0000330  1.0003149
loglik[24]      1.0001730  1.0007922
loglik[25]      0.9999793  1.0008053
loglik[26]      1.0006149  1.0011518
loglik[27]      1.0011539  1.0036292
loglik[28]      1.0001116  1.0013959
loglik[29]      1.0012124  1.0018924
loglik[3]       1.0003410  1.0016073
loglik[30]      1.0014590  1.0020693
loglik[31]      0.9997446  0.9999722
loglik[32]      0.9997123  1.0000762
loglik[33]      1.0004289  1.0014110
loglik[34]      0.9998712  1.0005218
loglik[35]      1.0001750  1.0005746
loglik[36]      0.9999184  1.0003024
loglik[37]      1.0008497  1.0040703
loglik[4]       1.0028065  1.0066674
loglik[5]       1.0005118  1.0011763
loglik[6]       1.0012431  1.0029401
loglik[7]       0.9998338  1.0004565
loglik[8]       1.0005804  1.0022196
loglik[9]       0.9997415  1.0000058
p.fac1[1,1]     1.0000275  1.0012991
p.fac1[1,2]     1.0033946  1.0068066
p.fac1[1,3]     1.0000688  1.0008473
p.fac1[1,4]     1.0002001  1.0013970
p.fac1[10,1]    0.9998212  1.0000316
p.fac1[10,2]    1.0000073  1.0002912
p.fac1[10,3]    0.9997880  1.0005126
p.fac1[10,4]    0.9996321  0.9996609
p.fac1[11,1]    1.0042126  1.0098475
p.fac1[11,2]    1.0047668  1.0119345
p.fac1[11,3]    1.0071255  1.0144701
p.fac1[11,4]    0.9999832  1.0009859
p.fac1[12,1]    1.0001084  1.0006409
p.fac1[12,2]    1.0003556  1.0007434
p.fac1[12,3]    1.0000079  1.0008505
p.fac1[12,4]    1.0001975  1.0008433
p.fac1[13,1]    1.0008779  1.0042529
p.fac1[13,2]    1.0025459  1.0059408
p.fac1[13,3]    1.0012414  1.0053472
p.fac1[13,4]    1.0000152  1.0002787
p.fac1[14,1]    1.0004107  1.0011558
p.fac1[14,2]    1.0083009  1.0122927
p.fac1[14,3]    0.9996765  1.0000199
p.fac1[14,4]    0.9998355  1.0006151
p.fac1[15,1]    1.0004248  1.0012124
p.fac1[15,2]    1.0042217  1.0071995
p.fac1[15,3]    1.0004178  1.0016074
p.fac1[15,4]    1.0003200  1.0019232
p.fac1[16,1]    1.0005685  1.0015133
p.fac1[16,2]    1.0056971  1.0107991
p.fac1[16,3]    0.9995460  0.9995679
p.fac1[16,4]    1.0028822  1.0100276
p.fac1[17,1]    1.0009555  1.0036089
p.fac1[17,2]    1.0085268  1.0193802
p.fac1[17,3]    1.0009284  1.0034248
p.fac1[17,4]    1.0004642  1.0015313
p.fac1[18,1]    1.0003430  1.0015581
p.fac1[18,2]    1.0008355  1.0027400
p.fac1[18,3]    1.0005971  1.0032611
p.fac1[18,4]    0.9997819  1.0004737
p.fac1[19,1]    1.0010515  1.0042407
p.fac1[19,2]    1.0029049  1.0060343
p.fac1[19,3]    1.0003829  1.0017702
p.fac1[19,4]    1.0003303  1.0020910
p.fac1[2,1]     1.0063848  1.0086279
p.fac1[2,2]     1.0009647  1.0042523
p.fac1[2,3]     1.0055605  1.0110189
p.fac1[2,4]     1.0001630  1.0007855
p.fac1[20,1]    1.0000908  1.0004367
p.fac1[20,2]    1.0009134  1.0020608
p.fac1[20,3]    1.0003544  1.0012446
p.fac1[20,4]    0.9997372  1.0000939
p.fac1[21,1]    1.0008991  1.0016758
p.fac1[21,2]    1.0033334  1.0069941
p.fac1[21,3]    0.9998973  1.0004647
p.fac1[21,4]    0.9997002  0.9999272
p.fac1[22,1]    1.0035190  1.0066206
p.fac1[22,2]    1.0152803  1.0258319
p.fac1[22,3]    1.0007770  1.0026735
p.fac1[22,4]    1.0007975  1.0013791
p.fac1[23,1]    1.0006824  1.0014579
p.fac1[23,2]    1.0087205  1.0145040
p.fac1[23,3]    0.9995670  0.9995981
p.fac1[23,4]    0.9999390  0.9999803
p.fac1[24,1]    1.0015711  1.0041734
p.fac1[24,2]    1.0051490  1.0093268
p.fac1[24,3]    1.0019042  1.0051983
p.fac1[24,4]    0.9999787  1.0011152
p.fac1[25,1]    0.9999204  1.0004691
p.fac1[25,2]    1.0017052  1.0034251
p.fac1[25,3]    1.0001172  1.0015019
p.fac1[25,4]    0.9996382  0.9997338
p.fac1[26,1]    1.0074937  1.0099310
p.fac1[26,2]    1.0099670  1.0128852
p.fac1[26,3]    1.0045151  1.0053322
p.fac1[26,4]    1.0000770  1.0004516
p.fac1[27,1]    1.0101151  1.0172597
p.fac1[27,2]    1.0138028  1.0187803
p.fac1[27,3]    1.0103296  1.0166615
p.fac1[27,4]    1.0000966  1.0012424
p.fac1[28,1]    1.0042988  1.0060642
p.fac1[28,2]    1.0017561  1.0032003
p.fac1[28,3]    1.0060508  1.0087890
p.fac1[28,4]    1.0098535  1.0105073
p.fac1[29,1]    1.0013582  1.0033598
p.fac1[29,2]    1.0047527  1.0085893
p.fac1[29,3]    1.0003630  1.0021027
p.fac1[29,4]    0.9997972  1.0003456
p.fac1[3,1]     0.9997098  1.0000366
p.fac1[3,2]     1.0020981  1.0034779
p.fac1[3,3]     0.9996749  1.0000343
p.fac1[3,4]     0.9996690  0.9998778
p.fac1[30,1]    1.0023935  1.0029132
p.fac1[30,2]    1.0120115  1.0206686
p.fac1[30,3]    1.0000069  1.0008563
p.fac1[30,4]    1.0002227  1.0012618
p.fac1[31,1]    0.9996682  0.9997263
p.fac1[31,2]    1.0007808  1.0029078
p.fac1[31,3]    0.9996447  0.9996710
p.fac1[31,4]    1.0006353  1.0023009
p.fac1[32,1]    0.9996260  0.9997037
p.fac1[32,2]    1.0026489  1.0031375
p.fac1[32,3]    1.0002102  1.0002313
p.fac1[32,4]    1.0004454  1.0025837
p.fac1[33,1]    1.0001484  1.0004031
p.fac1[33,2]    1.0021828  1.0034731
p.fac1[33,3]    0.9998451  1.0005075
p.fac1[33,4]    0.9997295  0.9997329
p.fac1[34,1]    1.0009048  1.0015056
p.fac1[34,2]    1.0029791  1.0036605
p.fac1[34,3]    1.0003257  1.0007223
p.fac1[34,4]    1.0000849  1.0010551
p.fac1[35,1]    0.9999093  1.0000363
p.fac1[35,2]    1.0010175  1.0015039
p.fac1[35,3]    0.9998093  1.0002833
p.fac1[35,4]    1.0006165  1.0012725
p.fac1[36,1]    1.0030497  1.0075736
p.fac1[36,2]    1.0022773  1.0052017
p.fac1[36,3]    1.0030353  1.0070164
p.fac1[36,4]    1.0009220  1.0020874
p.fac1[37,1]    1.0013762  1.0025359
p.fac1[37,2]    1.0016870  1.0029685
p.fac1[37,3]    1.0029299  1.0060961
p.fac1[37,4]    1.0003596  1.0006766
p.fac1[4,1]     1.0056721  1.0155560
p.fac1[4,2]     1.0142568  1.0236116
p.fac1[4,3]     1.0050734  1.0171784
p.fac1[4,4]     0.9997769  1.0004005
p.fac1[5,1]     1.0001240  1.0012436
p.fac1[5,2]     1.0122717  1.0168810
p.fac1[5,3]     0.9997251  1.0001485
p.fac1[5,4]     1.0000021  1.0010424
p.fac1[6,1]     1.0011609  1.0024843
p.fac1[6,2]     1.0075189  1.0135547
p.fac1[6,3]     1.0014275  1.0041634
p.fac1[6,4]     1.0006057  1.0029743
p.fac1[7,1]     0.9996238  0.9998992
p.fac1[7,2]     0.9995500  0.9995512
p.fac1[7,3]     0.9999972  1.0012509
p.fac1[7,4]     1.0002627  1.0021690
p.fac1[8,1]     1.0001560  1.0001907
p.fac1[8,2]     1.0028411  1.0055428
p.fac1[8,3]     0.9999873  1.0006426
p.fac1[8,4]     1.0008696  1.0010185
p.fac1[9,1]     1.0001425  1.0003588
p.fac1[9,2]     1.0007862  1.0017249
p.fac1[9,3]     1.0010860  1.0023762
p.fac1[9,4]     1.0001011  1.0013070
p.global[1]     1.0015622  1.0034695
p.global[2]     1.0069534  1.0135534
p.global[3]     1.0006936  1.0024468
p.global[4]     0.9997369  0.9999787
resid.prop[1]   1.0001946  1.0010379
resid.prop[2]   1.0025755  1.0038026

################################################################################
# Geweke Diagnostic
################################################################################

The Geweke diagnostic is a standard z-score, so we'd expect 5% to be outside +/-1.96
Number of variables outside +/-1.96 in each chain (out of 
304
):


       Chain 1 Chain 2 Chain 3
Geweke      15      22      18


And here are the Geweke diagnostics for all variables:


