
################################################################################
# Gelman-Rubin Diagnostic
################################################################################

Generally the Gelman diagnostic should be < 1.05


Out of 217 variables: 211 > 1.01

                      
105 > 1.05

                      
54 > 1.1


The worst variables are:

               Point est. Upper C.I.
deviance         1.309561   2.328101
p.fac1[33,1]     1.240920   1.686233
ilr.fac1[34,1]   1.237241   1.788237
ilr.fac1[33,1]   1.225938   1.718438
p.fac1[34,1]     1.222540   1.636619
p.fac1[18,3]     1.207516   1.610601
p.fac1[17,3]     1.205976   1.599591
p.fac1[11,3]     1.202815   1.598243
p.fac1[7,3]      1.202700   1.590412
p.fac1[16,3]     1.198151   1.587058


And here are the Gelman diagnostics for all variables:

               Point est. Upper C.I.
deviance         1.309561   2.328101
fac1.sig         1.158352   1.484130
ilr.fac1[1,1]    1.033727   1.081161
ilr.fac1[1,2]    1.027489   1.041045
ilr.fac1[10,1]   1.016068   1.029059
ilr.fac1[10,2]   1.045469   1.062878
ilr.fac1[11,1]   1.011420   1.012307
ilr.fac1[11,2]   1.031808   1.038507
ilr.fac1[12,1]   1.027235   1.042175
ilr.fac1[12,2]   1.046765   1.046793
ilr.fac1[13,1]   1.032554   1.082869
ilr.fac1[13,2]   1.027912   1.034124
ilr.fac1[14,1]   1.019858   1.041612
ilr.fac1[14,2]   1.024628   1.036213
ilr.fac1[15,1]   1.088019   1.175636
ilr.fac1[15,2]   1.050330   1.077538
ilr.fac1[16,1]   1.005391   1.008811
ilr.fac1[16,2]   1.017922   1.022210
ilr.fac1[17,1]   1.016044   1.040437
ilr.fac1[17,2]   1.010699   1.020320
ilr.fac1[18,1]   1.038688   1.065330
ilr.fac1[18,2]   1.071982   1.153999
ilr.fac1[19,1]   1.015430   1.027491
ilr.fac1[19,2]   1.022912   1.035933
ilr.fac1[2,1]    1.007765   1.011049
ilr.fac1[2,2]    1.028100   1.054387
ilr.fac1[20,1]   1.022251   1.032972
ilr.fac1[20,2]   1.020852   1.023390
ilr.fac1[21,1]   1.017895   1.026161
ilr.fac1[21,2]   1.022417   1.022872
ilr.fac1[22,1]   1.023528   1.045575
ilr.fac1[22,2]   1.044006   1.064107
ilr.fac1[23,1]   1.008100   1.012834
ilr.fac1[23,2]   1.011326   1.017809
ilr.fac1[24,1]   1.014359   1.025085
ilr.fac1[24,2]   1.010217   1.010396
ilr.fac1[25,1]   1.014152   1.027819
ilr.fac1[25,2]   1.036060   1.036978
ilr.fac1[26,1]   1.026133   1.031305
ilr.fac1[26,2]   1.011989   1.014902
ilr.fac1[27,1]   1.006007   1.011767
ilr.fac1[27,2]   1.012787   1.015205
ilr.fac1[28,1]   1.022223   1.023313
ilr.fac1[28,2]   1.021796   1.022790
ilr.fac1[29,1]   1.007904   1.008807
ilr.fac1[29,2]   1.024299   1.025284
ilr.fac1[3,1]    1.038051   1.106655
ilr.fac1[3,2]    1.025992   1.044825
ilr.fac1[30,1]   1.015641   1.032219
ilr.fac1[30,2]   1.014376   1.014851
ilr.fac1[31,1]   1.027030   1.048772
ilr.fac1[31,2]   1.021253   1.022564
ilr.fac1[32,1]   1.037734   1.091114
ilr.fac1[32,2]   1.030430   1.037910
ilr.fac1[33,1]   1.225938   1.718438
ilr.fac1[33,2]   1.034458   1.077808
ilr.fac1[34,1]   1.237241   1.788237
ilr.fac1[34,2]   1.038433   1.088478
ilr.fac1[35,1]   1.013951   1.026618
ilr.fac1[35,2]   1.021207   1.029396
ilr.fac1[4,1]    1.023597   1.031355
ilr.fac1[4,2]    1.016707   1.017973
ilr.fac1[5,1]    1.021811   1.030905
ilr.fac1[5,2]    1.033336   1.040796
ilr.fac1[6,1]    1.044324   1.094189
ilr.fac1[6,2]    1.029169   1.040960
ilr.fac1[7,1]    1.020071   1.027307
ilr.fac1[7,2]    1.034547   1.043899
ilr.fac1[8,1]    1.015634   1.017153
ilr.fac1[8,2]    1.033065   1.037392
ilr.fac1[9,1]    1.013987   1.023382
ilr.fac1[9,2]    1.021076   1.021597
loglik[1]        1.009727   1.010397
loglik[10]       1.104737   1.282532
loglik[11]       1.082100   1.227762
loglik[12]       1.083245   1.183991
loglik[13]       1.083870   1.193756
loglik[14]       1.051906   1.163148
loglik[15]       1.048209   1.068092
loglik[16]       1.069068   1.162099
loglik[17]       1.018995   1.041860
loglik[18]       1.016558   1.026208
loglik[19]       1.066856   1.204988
loglik[2]        1.074851   1.153899
loglik[20]       1.061907   1.121219
loglik[21]       1.060319   1.195456
loglik[22]       1.028748   1.065468
loglik[23]       1.031223   1.067700
loglik[24]       1.031424   1.052721
loglik[25]       1.046842   1.105128
loglik[26]       1.067441   1.118340
loglik[27]       1.040040   1.077717
loglik[28]       1.037500   1.075673
loglik[29]       1.047522   1.115436
loglik[3]        1.029999   1.086287
loglik[30]       1.047579   1.058448
loglik[31]       1.015017   1.042438
loglik[32]       1.028232   1.093853
loglik[33]       1.012497   1.027907
loglik[34]       1.022430   1.068040
loglik[35]       1.010558   1.029433
loglik[4]        1.058001   1.191443
loglik[5]        1.058692   1.186328
loglik[6]        1.077177   1.204378
loglik[7]        1.036548   1.099789
loglik[8]        1.057456   1.156357
loglik[9]        1.045782   1.118673
p.fac1[1,1]      1.088913   1.282450
p.fac1[1,2]      1.032289   1.099867
p.fac1[1,3]      1.153383   1.454010
p.fac1[10,1]     1.072718   1.236684
p.fac1[10,2]     1.037076   1.119409
p.fac1[10,3]     1.197100   1.579714
p.fac1[11,1]     1.075098   1.243462
p.fac1[11,2]     1.030762   1.092319
p.fac1[11,3]     1.202815   1.598243
p.fac1[12,1]     1.097518   1.307960
p.fac1[12,2]     1.055636   1.175336
p.fac1[12,3]     1.178000   1.531033
p.fac1[13,1]     1.047112   1.158067
p.fac1[13,2]     1.041416   1.132835
p.fac1[13,3]     1.151395   1.445442
p.fac1[14,1]     1.116369   1.366026
p.fac1[14,2]     1.061311   1.202347
p.fac1[14,3]     1.188588   1.564859
p.fac1[15,1]     1.063900   1.199227
p.fac1[15,2]     1.065365   1.186597
p.fac1[15,3]     1.171383   1.502177
p.fac1[16,1]     1.067444   1.221430
p.fac1[16,2]     1.022400   1.074632
p.fac1[16,3]     1.198151   1.587058
p.fac1[17,1]     1.076461   1.247362
p.fac1[17,2]     1.017894   1.057201
p.fac1[17,3]     1.205976   1.599591
p.fac1[18,1]     1.074333   1.241078
p.fac1[18,2]     1.046902   1.145752
p.fac1[18,3]     1.207516   1.610601
p.fac1[19,1]     1.079558   1.257062
p.fac1[19,2]     1.029045   1.093741
p.fac1[19,3]     1.144727   1.433569
p.fac1[2,1]      1.078117   1.253249
p.fac1[2,2]      1.029062   1.098464
p.fac1[2,3]      1.194914   1.571602
p.fac1[20,1]     1.069276   1.224695
p.fac1[20,2]     1.040272   1.126038
p.fac1[20,3]     1.187271   1.551329
p.fac1[21,1]     1.066067   1.216413
p.fac1[21,2]     1.033063   1.109862
p.fac1[21,3]     1.181656   1.539661
p.fac1[22,1]     1.101878   1.320801
p.fac1[22,2]     1.045114   1.142894
p.fac1[22,3]     1.169142   1.503118
p.fac1[23,1]     1.092822   1.295508
p.fac1[23,2]     1.034179   1.109271
p.fac1[23,3]     1.173815   1.519756
p.fac1[24,1]     1.060522   1.200581
p.fac1[24,2]     1.030128   1.095696
p.fac1[24,3]     1.195052   1.576906
p.fac1[25,1]     1.061749   1.203710
p.fac1[25,2]     1.029557   1.095065
p.fac1[25,3]     1.184364   1.538495
p.fac1[26,1]     1.070275   1.228470
p.fac1[26,2]     1.036921   1.115110
p.fac1[26,3]     1.176368   1.517607
p.fac1[27,1]     1.098457   1.313861
p.fac1[27,2]     1.042575   1.143390
p.fac1[27,3]     1.163155   1.483769
p.fac1[28,1]     1.078783   1.254869
p.fac1[28,2]     1.036025   1.117330
p.fac1[28,3]     1.179642   1.529429
p.fac1[29,1]     1.086595   1.276459
p.fac1[29,2]     1.038750   1.116660
p.fac1[29,3]     1.172513   1.509328
p.fac1[3,1]      1.116501   1.363170
p.fac1[3,2]      1.046395   1.149717
p.fac1[3,3]      1.178185   1.519294
p.fac1[30,1]     1.106805   1.332085
p.fac1[30,2]     1.050083   1.157704
p.fac1[30,3]     1.174678   1.514364
p.fac1[31,1]     1.111214   1.346940
p.fac1[31,2]     1.060741   1.192617
p.fac1[31,3]     1.186479   1.550070
p.fac1[32,1]     1.081049   1.261867
p.fac1[32,2]     1.060183   1.198289
p.fac1[32,3]     1.168463   1.503343
p.fac1[33,1]     1.240920   1.686233
p.fac1[33,2]     1.161851   1.471996
p.fac1[33,3]     1.128415   1.388441
p.fac1[34,1]     1.222540   1.636619
p.fac1[34,2]     1.157819   1.453561
p.fac1[34,3]     1.116922   1.356291
p.fac1[35,1]     1.106129   1.334451
p.fac1[35,2]     1.055916   1.181494
p.fac1[35,3]     1.169848   1.503858
p.fac1[4,1]      1.068548   1.223311
p.fac1[4,2]      1.036571   1.115540
p.fac1[4,3]      1.178519   1.523569
p.fac1[5,1]      1.088362   1.281434
p.fac1[5,2]      1.051323   1.165011
p.fac1[5,3]      1.188387   1.550079
p.fac1[6,1]      1.044985   1.151337
p.fac1[6,2]      1.034555   1.106097
p.fac1[6,3]      1.175282   1.519808
p.fac1[7,1]      1.094166   1.295936
p.fac1[7,2]      1.038049   1.114791
p.fac1[7,3]      1.202700   1.590412
p.fac1[8,1]      1.079898   1.255645
p.fac1[8,2]      1.037901   1.117794
p.fac1[8,3]      1.187387   1.551618
p.fac1[9,1]      1.103870   1.328375
p.fac1[9,2]      1.052971   1.174422
p.fac1[9,3]      1.180799   1.537293
p.global[1]      1.129435   1.408992
p.global[2]      1.063595   1.206939
p.global[3]      1.197361   1.581044
resid.prop[1]    1.031851   1.101813
resid.prop[2]    1.140971   1.441090

################################################################################
# Geweke Diagnostic
################################################################################

The Geweke diagnostic is a standard z-score, so we'd expect 5% to be outside +/-1.96
Number of variables outside +/-1.96 in each chain (out of 
217
):


       Chain 1 Chain 2 Chain 3
Geweke      97     107     123


And here are the Geweke diagnostics for all variables:

               chain1  chain2 chain3
deviance       -0.538  -7.046 -3.840
fac1.sig        0.567   7.422  1.702
ilr.fac1[1,1]  -0.501  -2.255 -1.868
ilr.fac1[1,2]  -2.313   0.569  0.838
ilr.fac1[10,1] -0.225   0.574 -0.813
ilr.fac1[10,2] -0.551  -3.035  0.164
ilr.fac1[11,1]  0.782   1.066  2.530
ilr.fac1[11,2]  0.548  -1.829  1.491
ilr.fac1[12,1] -0.761  -0.759 -1.568
ilr.fac1[12,2]  0.476  -0.827  0.080
ilr.fac1[13,1]  0.058   0.796  0.154
ilr.fac1[13,2] -1.594  -1.146  0.628
ilr.fac1[14,1] -1.284   1.604 -0.352
ilr.fac1[14,2]  0.959  -0.594 -0.716
ilr.fac1[15,1] -0.001   2.625  1.397
ilr.fac1[15,2] -0.898  -3.015 -2.638
ilr.fac1[16,1]  1.349  -1.981 -1.500
ilr.fac1[16,2]  3.908   0.317 -0.418
ilr.fac1[17,1]  1.105  -1.348 -0.010
ilr.fac1[17,2]  1.887   0.009  0.200
ilr.fac1[18,1]  0.961   0.977  1.450
ilr.fac1[18,2] -1.738  -0.449 -5.447
ilr.fac1[19,1]  0.646  -1.591 -1.690
ilr.fac1[19,2]  0.186   0.170  0.110
ilr.fac1[2,1]  -1.239   0.359  0.081
ilr.fac1[2,2]  -0.347  -1.431 -1.736
ilr.fac1[20,1]  0.386   2.348  1.206
ilr.fac1[20,2] -0.536  -1.400 -0.494
ilr.fac1[21,1] -0.258   0.100  0.573
ilr.fac1[21,2]  0.735  -0.269  1.340
ilr.fac1[22,1]  0.034  -0.736 -1.276
ilr.fac1[22,2]  2.453  -0.410 -0.017
ilr.fac1[23,1] -0.045  -1.466  0.090
ilr.fac1[23,2]  1.597   0.240  0.491
ilr.fac1[24,1]  0.957  -1.949 -0.054
ilr.fac1[24,2]  1.747  -1.248  1.172
ilr.fac1[25,1] -0.143   0.181  1.006
ilr.fac1[25,2]  0.556   0.532 -0.090
ilr.fac1[26,1] -1.594   0.278 -1.174
ilr.fac1[26,2] -0.150   1.616 -0.998
ilr.fac1[27,1] -1.543  -3.964 -0.129
ilr.fac1[27,2]  0.138  -1.105 -1.060
ilr.fac1[28,1] -0.887   1.325  1.082
ilr.fac1[28,2]  0.022  -1.646  0.025
ilr.fac1[29,1]  0.429   0.492  3.877
ilr.fac1[29,2] -0.348   0.075 -0.885
ilr.fac1[3,1]   0.343  -4.019 -1.417
ilr.fac1[3,2]  -0.485   0.829  2.865
ilr.fac1[30,1]  0.598   2.599  2.161
ilr.fac1[30,2]  1.349   0.206 -0.177
ilr.fac1[31,1]  1.573  -1.264 -0.469
ilr.fac1[31,2]  0.276  -1.217  0.092
ilr.fac1[32,1]  0.837   1.488  1.905
ilr.fac1[32,2]  1.123  -0.603 -0.388
ilr.fac1[33,1] -2.271  -8.830 -2.531
ilr.fac1[33,2] -0.804   1.499 -0.229
ilr.fac1[34,1]  0.661  -9.820 -0.215
ilr.fac1[34,2] -0.509   3.011 -3.934
ilr.fac1[35,1]  0.287   0.748 -0.809
ilr.fac1[35,2]  1.251  -0.171 -0.184
ilr.fac1[4,1]  -1.422   2.122  0.445
ilr.fac1[4,2]  -1.804   1.076  1.106
ilr.fac1[5,1]  -0.241   0.690  2.259
ilr.fac1[5,2]   1.191  -0.079 -0.123
ilr.fac1[6,1]  -0.561   1.858  0.136
ilr.fac1[6,2]   0.314  -0.457  1.548
ilr.fac1[7,1]  -0.204   0.630 -0.199
ilr.fac1[7,2]   1.568  -0.915  0.850
ilr.fac1[8,1]   0.097   2.519  0.236
ilr.fac1[8,2]  -0.960   1.027 -1.614
ilr.fac1[9,1]  -0.017  -2.639  0.396
ilr.fac1[9,2]   1.004  -0.906 -1.273
loglik[1]      -1.330  -3.224  1.081
loglik[10]      1.569   2.794  3.307
loglik[11]      0.946   2.295  2.703
loglik[12]      0.682   1.608  2.105
loglik[13]      2.619   2.720  1.963
loglik[14]     -0.031   2.335  2.787
loglik[15]      1.108  -0.015  2.587
loglik[16]      2.586   1.259  1.417
loglik[17]     -0.320   0.181  1.192
loglik[18]      1.158  -3.084  3.193
loglik[19]     -2.059   1.335  1.992
loglik[2]       2.799   4.194  2.437
loglik[20]      2.885   4.764  1.350
loglik[21]     -0.811   0.427  2.490
loglik[22]      0.123  -1.132  1.317
loglik[23]      1.836   1.874  0.879
loglik[24]      2.620   2.105  1.355
loglik[25]      2.879   5.174  1.003
loglik[26]      0.107   5.985 -0.894
loglik[27]      1.686   2.172 -1.066
loglik[28]      1.475   4.987  0.179
loglik[29]      0.880   5.562  0.358
loglik[3]      -1.602   0.490  1.978
loglik[30]      1.042   2.595 -0.785
loglik[31]      2.164   4.100 -1.095
loglik[32]      2.591   5.603  0.737
loglik[33]     -2.623  -0.744 -2.636
loglik[34]     -2.620   1.365 -1.845
loglik[35]      0.456   1.823 -1.488
loglik[4]      -1.627   2.635  2.546
loglik[5]      -0.190   1.448  3.283
loglik[6]       3.713   3.053  2.112
loglik[7]       0.886   0.423  2.355
loglik[8]       1.314   2.919  2.386
loglik[9]       0.668   1.881  2.618
p.fac1[1,1]     1.255   4.359 -3.875
p.fac1[1,2]    -5.311  -6.385  2.929
p.fac1[1,3]     2.451  -0.404  3.386
p.fac1[10,1]    1.407   4.553 -3.376
p.fac1[10,2]   -4.622  -6.029  2.397
p.fac1[10,3]    2.281   0.144  2.984
p.fac1[11,1]    2.004   4.698 -3.166
p.fac1[11,2]   -4.785  -5.361  1.371
p.fac1[11,3]    2.852  -0.302  2.944
p.fac1[12,1]    1.233   4.598 -3.121
p.fac1[12,2]   -5.479  -6.932  2.909
p.fac1[12,3]    2.540  -0.074  2.276
p.fac1[13,1]    1.003   5.516 -3.577
p.fac1[13,2]   -4.494  -7.407  2.421
p.fac1[13,3]    2.548  -0.295  2.562
p.fac1[14,1]    1.012   7.918 -3.173
p.fac1[14,2]   -4.042 -11.241  2.564
p.fac1[14,3]    2.956  -0.380  2.539
p.fac1[15,1]    0.955   6.013 -4.284
p.fac1[15,2]   -3.588  -9.558  1.424
p.fac1[15,3]    2.623  -0.200  2.743
p.fac1[16,1]    2.310   4.867 -3.030
p.fac1[16,2]   -4.654  -6.955  2.747
p.fac1[16,3]    2.044  -0.422  3.027
p.fac1[17,1]    2.061   4.770 -3.512
p.fac1[17,2]   -6.331  -7.287  2.109
p.fac1[17,3]    1.983  -0.352  3.350
p.fac1[18,1]    1.323   5.304 -3.530
p.fac1[18,2]   -5.859  -6.167  0.645
p.fac1[18,3]    2.766  -0.402  3.078
p.fac1[19,1]    2.063   5.836 -2.671
p.fac1[19,2]   -6.081  -8.711  2.408
p.fac1[19,3]    2.714  -0.406  2.763
p.fac1[2,1]     0.855   5.654 -3.941
p.fac1[2,2]    -5.102  -9.679  1.972
p.fac1[2,3]     2.330  -0.179  2.938
p.fac1[20,1]    1.609   5.990 -3.289
p.fac1[20,2]   -4.124  -6.345  1.689
p.fac1[20,3]    2.316  -0.316  2.648
p.fac1[21,1]    1.353   5.428 -3.631
p.fac1[21,2]   -4.508  -6.758  1.484
p.fac1[21,3]    2.681  -0.419  3.000
p.fac1[22,1]    1.922   4.984 -3.930
p.fac1[22,2]   -3.988  -5.967  3.003
p.fac1[22,3]    2.274  -0.300  3.354
p.fac1[23,1]    1.801   5.050 -4.560
p.fac1[23,2]   -3.565  -7.389  2.871
p.fac1[23,3]    2.652  -0.431  2.255
p.fac1[24,1]    2.801   4.839 -4.505
p.fac1[24,2]   -6.841  -7.279  1.999
p.fac1[24,3]    2.640  -0.150  3.062
p.fac1[25,1]    1.804   4.012 -3.180
p.fac1[25,2]   -5.967 -10.129  1.744
p.fac1[25,3]    2.439  -0.438  2.846
p.fac1[26,1]    0.421   7.402 -4.077
p.fac1[26,2]   -3.406 -11.909  2.127
p.fac1[26,3]    2.851  -0.648  3.073
p.fac1[27,1]    0.993   3.007 -3.574
p.fac1[27,2]   -3.352  -6.394  2.331
p.fac1[27,3]    2.336  -0.173  2.894
p.fac1[28,1]    0.968   6.157 -2.346
p.fac1[28,2]   -5.469  -7.998  1.580
p.fac1[28,3]    2.715  -0.359  3.049
p.fac1[29,1]    1.539   5.971 -3.885
p.fac1[29,2]   -3.269  -9.744  0.795
p.fac1[29,3]    2.912  -0.395  3.071
p.fac1[3,1]     1.450   3.454 -3.572
p.fac1[3,2]    -3.282  -3.754  2.888
p.fac1[3,3]     2.882  -0.376  3.876
p.fac1[30,1]    1.262   8.019 -4.322
p.fac1[30,2]   -3.132 -11.939  1.383
p.fac1[30,3]    3.205  -0.591  3.285
p.fac1[31,1]    3.132   4.532 -5.271
p.fac1[31,2]   -5.634  -7.579  3.462
p.fac1[31,3]    2.554  -0.127  3.583
p.fac1[32,1]    2.097   5.037 -2.910
p.fac1[32,2]   -6.063  -7.478  0.881
p.fac1[32,3]    2.363  -0.505  2.789
p.fac1[33,1]    0.429   1.978 -6.030
p.fac1[33,2]   -3.708  -1.716  3.905
p.fac1[33,3]    2.448  -0.511  3.283
p.fac1[34,1]    1.793   1.596 -4.419
p.fac1[34,2]   -5.092  -1.510  1.878
p.fac1[34,3]    2.451  -0.621  3.256
p.fac1[35,1]    1.971   6.467 -3.322
p.fac1[35,2]   -5.045  -9.026  2.553
p.fac1[35,3]    2.400  -0.538  2.770
p.fac1[4,1]     0.398   6.959 -3.727
p.fac1[4,2]    -4.003 -11.370  2.078
p.fac1[4,3]     3.503  -0.695  3.022
p.fac1[5,1]     1.531   5.186 -3.604
p.fac1[5,2]    -5.871  -8.364  1.011
p.fac1[5,3]     2.763  -0.282  3.131
p.fac1[6,1]     1.605   7.193 -5.778
p.fac1[6,2]    -5.355  -8.271  2.918
p.fac1[6,3]     3.157  -0.510  3.124
p.fac1[7,1]     1.510   6.323 -3.876
p.fac1[7,2]    -2.896  -7.902  3.017
p.fac1[7,3]     2.195  -0.247  2.438
p.fac1[8,1]     1.336   7.040 -3.431
p.fac1[8,2]    -2.740  -9.923  1.727
p.fac1[8,3]     3.226  -0.690  3.152
p.fac1[9,1]     1.345   3.493 -4.208
p.fac1[9,2]    -4.189  -2.862  2.584
p.fac1[9,3]     2.568  -0.184  3.060
p.global[1]     1.344   4.034 -2.967
p.global[2]    -2.640  -6.690  2.427
p.global[3]     2.612  -0.405  2.695
resid.prop[1]  -1.493   1.579  1.023
resid.prop[2]  -2.452  -9.837 -1.457
