
#################################################################
# Summary Statistics
#################################################################

DIC = 102.7167

                           Mean    SD  2.5%    5%   25%   50%   75%   95% 97.5%
Epsilon.1                 2.956 1.617 1.138 1.232 1.828 2.584 3.595 6.098 7.249
Epsilon.2                 1.044 0.529 0.423 0.466 0.682 0.916 1.244 2.119 2.593
Region.SD                 1.881 1.443 0.537 0.613 0.947 1.422 2.391 4.518 5.818
p.global.Deer             0.382 0.221 0.055 0.058 0.132 0.428 0.561 0.729 0.735
p.global.Marine Mammals   0.412 0.318 0.047 0.069 0.148 0.276 0.806 0.904 0.910
p.global.Salmon           0.206 0.128 0.019 0.025 0.059 0.214 0.319 0.388 0.427
p.Region 1.Deer           0.795 0.034 0.730 0.738 0.771 0.795 0.820 0.849 0.856
p.Region 2.Deer           0.504 0.076 0.353 0.374 0.448 0.508 0.570 0.613 0.623
p.Region 3.Deer           0.332 0.095 0.119 0.162 0.273 0.337 0.406 0.475 0.487
p.Region 1.Marine Mammals 0.069 0.052 0.002 0.004 0.022 0.060 0.112 0.159 0.172
p.Region 2.Marine Mammals 0.258 0.122 0.026 0.038 0.154 0.292 0.360 0.408 0.415
p.Region 3.Marine Mammals 0.420 0.117 0.059 0.156 0.381 0.449 0.499 0.545 0.555
p.Region 1.Salmon         0.136 0.077 0.001 0.002 0.072 0.144 0.200 0.247 0.260
p.Region 2.Salmon         0.238 0.190 0.000 0.001 0.074 0.198 0.401 0.578 0.601
p.Region 3.Salmon         0.248 0.200 0.000 0.003 0.106 0.212 0.337 0.668 0.807
