
################################################################################
# Gelman-Rubin Diagnostic
################################################################################

Generally the Gelman diagnostic should be < 1.05


Out of 336 variables: 6 > 1.01

                      
0 > 1.05

                      
0 > 1.1


The worst variables are:

               Point est. Upper C.I.
fac1.sig         1.013644   1.047573
p.fac1[3,1]      1.013367   1.016101
p.fac1[3,3]      1.012944   1.016873
p.fac1[2,1]      1.011115   1.012327
p.fac1[12,1]     1.010483   1.010489
p.fac1[2,3]      1.010324   1.012790
ilr.fac1[41,2]   1.009905   1.035562
p.fac1[12,3]     1.009575   1.009793
p.fac1[8,2]      1.009350   1.020056
resid.prop[2]    1.009032   1.031443


And here are the Gelman diagnostics for all variables:

               Point est. Upper C.I.
deviance        1.0088283  1.0317375
fac1.sig        1.0136443  1.0475732
ilr.fac1[1,1]   1.0025313  1.0059453
ilr.fac1[1,2]   1.0073042  1.0218727
ilr.fac1[1,3]   1.0037727  1.0105262
ilr.fac1[10,1]  1.0022700  1.0028065
ilr.fac1[10,2]  1.0049081  1.0099632
ilr.fac1[10,3]  1.0007174  1.0015321
ilr.fac1[11,1]  1.0045434  1.0049466
ilr.fac1[11,2]  1.0044876  1.0124295
ilr.fac1[11,3]  1.0031184  1.0076409
ilr.fac1[12,1]  1.0019942  1.0022491
ilr.fac1[12,2]  1.0022676  1.0041558
ilr.fac1[12,3]  1.0028824  1.0108188
ilr.fac1[13,1]  1.0034801  1.0064612
ilr.fac1[13,2]  0.9999242  1.0004300
ilr.fac1[13,3]  1.0028264  1.0039370
ilr.fac1[14,1]  1.0042075  1.0057135
ilr.fac1[14,2]  1.0001953  1.0019002
ilr.fac1[14,3]  1.0018660  1.0034581
ilr.fac1[15,1]  1.0051861  1.0067116
ilr.fac1[15,2]  1.0032443  1.0065229
ilr.fac1[15,3]  1.0018630  1.0045320
ilr.fac1[16,1]  1.0038152  1.0042105
ilr.fac1[16,2]  1.0027983  1.0057873
ilr.fac1[16,3]  1.0003007  1.0003951
ilr.fac1[17,1]  1.0053579  1.0088984
ilr.fac1[17,2]  1.0025866  1.0071204
ilr.fac1[17,3]  1.0030021  1.0038564
ilr.fac1[18,1]  1.0017060  1.0020837
ilr.fac1[18,2]  1.0024485  1.0058102
ilr.fac1[18,3]  1.0010085  1.0034826
ilr.fac1[19,1]  1.0015480  1.0022554
ilr.fac1[19,2]  1.0029379  1.0089073
ilr.fac1[19,3]  1.0019321  1.0059509
ilr.fac1[2,1]   1.0031825  1.0082986
ilr.fac1[2,2]   1.0021533  1.0057403
ilr.fac1[2,3]   1.0010998  1.0024868
ilr.fac1[20,1]  1.0035146  1.0043556
ilr.fac1[20,2]  0.9999582  1.0006474
ilr.fac1[20,3]  1.0014285  1.0043168
ilr.fac1[21,1]  1.0029706  1.0034213
ilr.fac1[21,2]  1.0013068  1.0018049
ilr.fac1[21,3]  1.0037723  1.0045803
ilr.fac1[22,1]  1.0020915  1.0040684
ilr.fac1[22,2]  1.0060525  1.0106038
ilr.fac1[22,3]  1.0042222  1.0122219
ilr.fac1[23,1]  1.0003235  1.0008264
ilr.fac1[23,2]  1.0007527  1.0028995
ilr.fac1[23,3]  1.0050824  1.0057384
ilr.fac1[24,1]  0.9998304  0.9998820
ilr.fac1[24,2]  1.0011365  1.0040569
ilr.fac1[24,3]  1.0034084  1.0045156
ilr.fac1[25,1]  1.0015961  1.0032297
ilr.fac1[25,2]  1.0003877  1.0010551
ilr.fac1[25,3]  1.0016433  1.0055278
ilr.fac1[26,1]  1.0060164  1.0193060
ilr.fac1[26,2]  1.0001416  1.0007381
ilr.fac1[26,3]  1.0026523  1.0071910
ilr.fac1[27,1]  1.0038072  1.0065156
ilr.fac1[27,2]  1.0015747  1.0063125
ilr.fac1[27,3]  1.0037319  1.0078344
ilr.fac1[28,1]  1.0038380  1.0067686
ilr.fac1[28,2]  1.0019583  1.0032485
ilr.fac1[28,3]  0.9998042  1.0002086
ilr.fac1[29,1]  1.0007908  1.0018240
ilr.fac1[29,2]  1.0024090  1.0039454
ilr.fac1[29,3]  1.0000780  1.0007494
ilr.fac1[3,1]   1.0028953  1.0062990
ilr.fac1[3,2]   1.0004377  1.0011905
ilr.fac1[3,3]   1.0022231  1.0046132
ilr.fac1[30,1]  1.0003785  1.0026870
ilr.fac1[30,2]  1.0016883  1.0033794
ilr.fac1[30,3]  1.0036264  1.0090955
ilr.fac1[31,1]  1.0019093  1.0037175
ilr.fac1[31,2]  1.0002884  1.0007859
ilr.fac1[31,3]  1.0026325  1.0055942
ilr.fac1[32,1]  1.0008188  1.0023819
ilr.fac1[32,2]  1.0051497  1.0135926
ilr.fac1[32,3]  1.0050656  1.0118856
ilr.fac1[33,1]  1.0020957  1.0025224
ilr.fac1[33,2]  1.0008558  1.0010388
ilr.fac1[33,3]  1.0005073  1.0011797
ilr.fac1[34,1]  1.0013753  1.0016486
ilr.fac1[34,2]  1.0048287  1.0185119
ilr.fac1[34,3]  1.0056340  1.0210117
ilr.fac1[35,1]  1.0026256  1.0034398
ilr.fac1[35,2]  1.0036473  1.0115020
ilr.fac1[35,3]  1.0026536  1.0051690
ilr.fac1[36,1]  1.0002140  1.0010130
ilr.fac1[36,2]  1.0018062  1.0063379
ilr.fac1[36,3]  1.0031843  1.0065594
ilr.fac1[37,1]  1.0045689  1.0064685
ilr.fac1[37,2]  1.0025646  1.0081836
ilr.fac1[37,3]  1.0039256  1.0049444
ilr.fac1[38,1]  1.0033884  1.0063793
ilr.fac1[38,2]  1.0035162  1.0125925
ilr.fac1[38,3]  1.0009583  1.0019980
ilr.fac1[39,1]  1.0007234  1.0030937
ilr.fac1[39,2]  1.0070696  1.0249629
ilr.fac1[39,3]  1.0051277  1.0134593
ilr.fac1[4,1]   1.0014433  1.0032688
ilr.fac1[4,2]   1.0003570  1.0008457
ilr.fac1[4,3]   1.0015639  1.0025400
ilr.fac1[40,1]  1.0017515  1.0062854
ilr.fac1[40,2]  1.0052030  1.0176498
ilr.fac1[40,3]  1.0052361  1.0128308
ilr.fac1[41,1]  1.0033514  1.0057752
ilr.fac1[41,2]  1.0099054  1.0355623
ilr.fac1[41,3]  1.0033885  1.0044484
ilr.fac1[5,1]   1.0041679  1.0075877
ilr.fac1[5,2]   1.0073901  1.0198238
ilr.fac1[5,3]   1.0017326  1.0035486
ilr.fac1[6,1]   1.0047036  1.0072896
ilr.fac1[6,2]   1.0069296  1.0209888
ilr.fac1[6,3]   1.0008765  1.0024680
ilr.fac1[7,1]   1.0002616  1.0009043
ilr.fac1[7,2]   1.0039323  1.0141055
ilr.fac1[7,3]   1.0043795  1.0098265
ilr.fac1[8,1]   1.0011403  1.0013190
ilr.fac1[8,2]   1.0012973  1.0037164
ilr.fac1[8,3]   1.0005070  1.0020733
ilr.fac1[9,1]   1.0022041  1.0052686
ilr.fac1[9,2]   1.0060398  1.0178303
ilr.fac1[9,3]   1.0007830  1.0018861
loglik[1]       1.0073351  1.0263717
loglik[10]      1.0047613  1.0180515
loglik[11]      1.0027373  1.0086700
loglik[12]      1.0015892  1.0066260
loglik[13]      1.0023861  1.0037790
loglik[14]      1.0052565  1.0184589
loglik[15]      1.0079642  1.0227377
loglik[16]      1.0045842  1.0174900
loglik[17]      1.0081275  1.0296135
loglik[18]      1.0060878  1.0160688
loglik[19]      1.0056035  1.0209076
loglik[2]       1.0053261  1.0174916
loglik[20]      1.0006808  1.0016523
loglik[21]      1.0068953  1.0187236
loglik[22]      1.0036034  1.0128685
loglik[23]      1.0018511  1.0073927
loglik[24]      1.0037731  1.0039472
loglik[25]      1.0015818  1.0050473
loglik[26]      1.0056715  1.0074289
loglik[27]      1.0013396  1.0052943
loglik[28]      1.0034255  1.0071461
loglik[29]      1.0012556  1.0052052
loglik[3]       1.0073353  1.0258609
loglik[30]      1.0030703  1.0085663
loglik[31]      1.0042265  1.0163220
loglik[32]      1.0040833  1.0161397
loglik[33]      1.0006998  1.0035703
loglik[34]      1.0046259  1.0155865
loglik[35]      1.0037397  1.0140758
loglik[36]      1.0017758  1.0041140
loglik[37]      1.0021885  1.0089092
loglik[38]      1.0025687  1.0103146
loglik[39]      1.0084531  1.0317254
loglik[4]       1.0037932  1.0143644
loglik[40]      1.0049779  1.0179662
loglik[41]      1.0087562  1.0291886
loglik[5]       1.0029808  1.0118585
loglik[6]       1.0081083  1.0270045
loglik[7]       1.0058432  1.0180366
loglik[8]       1.0033077  1.0050202
loglik[9]       1.0020101  1.0058328
p.fac1[1,1]     1.0075292  1.0096648
p.fac1[1,2]     1.0019378  1.0066982
p.fac1[1,3]     1.0085921  1.0131818
p.fac1[1,4]     1.0027170  1.0094877
p.fac1[10,1]    1.0037003  1.0046508
p.fac1[10,2]    1.0006635  1.0024336
p.fac1[10,3]    1.0043323  1.0050776
p.fac1[10,4]    1.0002782  1.0006610
p.fac1[11,1]    1.0049260  1.0068825
p.fac1[11,2]    1.0046632  1.0119469
p.fac1[11,3]    1.0050966  1.0085576
p.fac1[11,4]    1.0008452  1.0042156
p.fac1[12,1]    1.0104830  1.0104887
p.fac1[12,2]    1.0006675  1.0025055
p.fac1[12,3]    1.0095751  1.0097932
p.fac1[12,4]    0.9999162  1.0004307
p.fac1[13,1]    1.0063382  1.0066703
p.fac1[13,2]    1.0019967  1.0025855
p.fac1[13,3]    1.0063461  1.0066429
p.fac1[13,4]    0.9998611  1.0000967
p.fac1[14,1]    1.0030853  1.0041049
p.fac1[14,2]    1.0003365  1.0004293
p.fac1[14,3]    1.0026093  1.0029925
p.fac1[14,4]    1.0005395  1.0020007
p.fac1[15,1]    1.0048056  1.0054793
p.fac1[15,2]    1.0018987  1.0077521
p.fac1[15,3]    1.0039684  1.0044375
p.fac1[15,4]    1.0029783  1.0080657
p.fac1[16,1]    1.0050493  1.0061513
p.fac1[16,2]    1.0007465  1.0035628
p.fac1[16,3]    1.0043385  1.0055706
p.fac1[16,4]    0.9995137  0.9995263
p.fac1[17,1]    1.0076200  1.0087450
p.fac1[17,2]    1.0022589  1.0073102
p.fac1[17,3]    1.0068759  1.0086317
p.fac1[17,4]    0.9998117  1.0002006
p.fac1[18,1]    1.0067575  1.0087486
p.fac1[18,2]    1.0020061  1.0080237
p.fac1[18,3]    1.0066081  1.0100444
p.fac1[18,4]    1.0027954  1.0087617
p.fac1[19,1]    1.0065941  1.0086567
p.fac1[19,2]    1.0003482  1.0026014
p.fac1[19,3]    1.0061965  1.0092080
p.fac1[19,4]    1.0014252  1.0034476
p.fac1[2,1]     1.0111150  1.0123268
p.fac1[2,2]     1.0039873  1.0093989
p.fac1[2,3]     1.0103240  1.0127902
p.fac1[2,4]     1.0030778  1.0067046
p.fac1[20,1]    1.0015282  1.0018639
p.fac1[20,2]    1.0021740  1.0037941
p.fac1[20,3]    1.0013270  1.0013792
p.fac1[20,4]    1.0013852  1.0042543
p.fac1[21,1]    1.0043010  1.0052129
p.fac1[21,2]    1.0035590  1.0108428
p.fac1[21,3]    1.0040472  1.0044191
p.fac1[21,4]    1.0004330  1.0021119
p.fac1[22,1]    1.0043401  1.0048715
p.fac1[22,2]    1.0027667  1.0099878
p.fac1[22,3]    1.0046794  1.0061607
p.fac1[22,4]    0.9999867  1.0006463
p.fac1[23,1]    1.0038540  1.0051817
p.fac1[23,2]    1.0008996  1.0044653
p.fac1[23,3]    1.0036797  1.0044227
p.fac1[23,4]    1.0013292  1.0029653
p.fac1[24,1]    1.0018098  1.0022843
p.fac1[24,2]    1.0030766  1.0072853
p.fac1[24,3]    1.0012962  1.0013415
p.fac1[24,4]    1.0005841  1.0027016
p.fac1[25,1]    1.0086867  1.0086943
p.fac1[25,2]    1.0025741  1.0053793
p.fac1[25,3]    1.0085778  1.0086741
p.fac1[25,4]    1.0001866  1.0013162
p.fac1[26,1]    1.0039531  1.0040258
p.fac1[26,2]    1.0024120  1.0084774
p.fac1[26,3]    1.0031992  1.0038359
p.fac1[26,4]    1.0049056  1.0125667
p.fac1[27,1]    1.0018550  1.0023012
p.fac1[27,2]    1.0011796  1.0056221
p.fac1[27,3]    1.0011311  1.0030847
p.fac1[27,4]    1.0027277  1.0107446
p.fac1[28,1]    1.0027868  1.0028690
p.fac1[28,2]    1.0009895  1.0033572
p.fac1[28,3]    1.0025274  1.0026446
p.fac1[28,4]    1.0011698  1.0035183
p.fac1[29,1]    1.0025801  1.0032777
p.fac1[29,2]    1.0058828  1.0135143
p.fac1[29,3]    1.0018729  1.0028216
p.fac1[29,4]    1.0000382  1.0001382
p.fac1[3,1]     1.0133671  1.0161005
p.fac1[3,2]     1.0018067  1.0051268
p.fac1[3,3]     1.0129436  1.0168728
p.fac1[3,4]     1.0009826  1.0016308
p.fac1[30,1]    1.0010111  1.0028712
p.fac1[30,2]    1.0007995  1.0042753
p.fac1[30,3]    1.0006920  1.0016896
p.fac1[30,4]    0.9998652  1.0000439
p.fac1[31,1]    1.0062686  1.0089218
p.fac1[31,2]    1.0034972  1.0095722
p.fac1[31,3]    1.0047792  1.0070974
p.fac1[31,4]    0.9999811  1.0000125
p.fac1[32,1]    1.0044181  1.0069240
p.fac1[32,2]    1.0042003  1.0119607
p.fac1[32,3]    1.0044517  1.0136538
p.fac1[32,4]    1.0062838  1.0220413
p.fac1[33,1]    1.0014296  1.0016214
p.fac1[33,2]    1.0032868  1.0088889
p.fac1[33,3]    1.0013361  1.0013813
p.fac1[33,4]    0.9996279  0.9998385
p.fac1[34,1]    1.0035291  1.0040594
p.fac1[34,2]    1.0061444  1.0161373
p.fac1[34,3]    1.0043649  1.0131668
p.fac1[34,4]    1.0058745  1.0222078
p.fac1[35,1]    1.0046514  1.0053795
p.fac1[35,2]    1.0030659  1.0117247
p.fac1[35,3]    1.0030268  1.0058436
p.fac1[35,4]    1.0024194  1.0092905
p.fac1[36,1]    1.0050528  1.0059156
p.fac1[36,2]    1.0012291  1.0043989
p.fac1[36,3]    1.0039003  1.0077476
p.fac1[36,4]    1.0031606  1.0114942
p.fac1[37,1]    1.0010643  1.0011735
p.fac1[37,2]    1.0074767  1.0226183
p.fac1[37,3]    1.0017492  1.0052851
p.fac1[37,4]    1.0013175  1.0052001
p.fac1[38,1]    1.0005313  1.0007048
p.fac1[38,2]    1.0021917  1.0090367
p.fac1[38,3]    1.0008737  1.0042721
p.fac1[38,4]    1.0028202  1.0091207
p.fac1[39,1]    1.0033562  1.0066171
p.fac1[39,2]    1.0044967  1.0166203
p.fac1[39,3]    1.0042561  1.0153538
p.fac1[39,4]    1.0030731  1.0124794
p.fac1[4,1]     1.0038578  1.0047624
p.fac1[4,2]     1.0003743  1.0024319
p.fac1[4,3]     1.0038331  1.0046386
p.fac1[4,4]     0.9998077  1.0001982
p.fac1[40,1]    1.0048124  1.0100442
p.fac1[40,2]    1.0049823  1.0184195
p.fac1[40,3]    1.0036816  1.0128365
p.fac1[40,4]    1.0039539  1.0145635
p.fac1[41,1]    1.0068276  1.0127087
p.fac1[41,2]    1.0041777  1.0160305
p.fac1[41,3]    1.0068121  1.0238268
p.fac1[41,4]    1.0031611  1.0113073
p.fac1[5,1]     1.0086313  1.0116782
p.fac1[5,2]     1.0027201  1.0047015
p.fac1[5,3]     1.0080325  1.0119057
p.fac1[5,4]     1.0000086  1.0012996
p.fac1[6,1]     1.0020179  1.0049494
p.fac1[6,2]     1.0083369  1.0203701
p.fac1[6,3]     1.0025886  1.0067106
p.fac1[6,4]     1.0008893  1.0024726
p.fac1[7,1]     1.0020743  1.0044411
p.fac1[7,2]     1.0020092  1.0076175
p.fac1[7,3]     1.0027325  1.0068991
p.fac1[7,4]     1.0029405  1.0073434
p.fac1[8,1]     1.0023910  1.0034808
p.fac1[8,2]     1.0093500  1.0200564
p.fac1[8,3]     1.0025899  1.0037451
p.fac1[8,4]     1.0010342  1.0023905
p.fac1[9,1]     1.0078197  1.0108580
p.fac1[9,2]     1.0045589  1.0090099
p.fac1[9,3]     1.0078665  1.0126191
p.fac1[9,4]     1.0003384  1.0020489
p.global[1]     1.0077364  1.0089820
p.global[2]     1.0022457  1.0094994
p.global[3]     1.0073778  1.0086082
p.global[4]     0.9999363  1.0005273
resid.prop[1]   1.0007941  1.0037198
resid.prop[2]   1.0090323  1.0314434

################################################################################
# Geweke Diagnostic
################################################################################

The Geweke diagnostic is a standard z-score, so we'd expect 5% to be outside +/-1.96
Number of variables outside +/-1.96 in each chain (out of 
336
):


       Chain 1 Chain 2 Chain 3
Geweke      55      47      52


And here are the Geweke diagnostics for all variables:


