
################################################################################
# Gelman-Rubin Diagnostic
################################################################################

Generally the Gelman diagnostic should be < 1.05


Out of 304 variables: 21 > 1.01

                      
0 > 1.05

                      
0 > 1.1


The worst variables are:

             Point est. Upper C.I.
p.fac1[28,2]   1.019451   1.030101
p.fac1[25,2]   1.015723   1.033263
p.fac1[29,3]   1.014884   1.041099
p.global[1]    1.014507   1.047344
p.fac1[25,1]   1.014353   1.043358
p.fac1[28,1]   1.014034   1.027041
p.fac1[29,1]   1.013613   1.043115
p.fac1[2,1]    1.013490   1.027592
p.global[3]    1.013137   1.044125
p.fac1[27,1]   1.012988   1.033459


And here are the Gelman diagnostics for all variables:

               Point est. Upper C.I.
deviance        1.0045282  1.0127017
fac1.sig        1.0123250  1.0291187
ilr.fac1[1,1]   1.0012308  1.0039660
ilr.fac1[1,2]   1.0001029  1.0011981
ilr.fac1[1,3]   1.0049261  1.0098823
ilr.fac1[10,1]  1.0003509  1.0006519
ilr.fac1[10,2]  1.0030559  1.0081202
ilr.fac1[10,3]  1.0006744  1.0037840
ilr.fac1[11,1]  1.0006305  1.0017788
ilr.fac1[11,2]  1.0010496  1.0032028
ilr.fac1[11,3]  1.0024572  1.0058141
ilr.fac1[12,1]  1.0015038  1.0063538
ilr.fac1[12,2]  1.0003846  1.0013245
ilr.fac1[12,3]  1.0021416  1.0058746
ilr.fac1[13,1]  1.0015456  1.0033887
ilr.fac1[13,2]  1.0000659  1.0000844
ilr.fac1[13,3]  1.0008777  1.0009127
ilr.fac1[14,1]  1.0041831  1.0125198
ilr.fac1[14,2]  1.0023964  1.0027093
ilr.fac1[14,3]  1.0025482  1.0026388
ilr.fac1[15,1]  1.0003985  1.0014422
ilr.fac1[15,2]  1.0018226  1.0030841
ilr.fac1[15,3]  1.0004361  1.0013201
ilr.fac1[16,1]  1.0010578  1.0019078
ilr.fac1[16,2]  1.0027811  1.0076811
ilr.fac1[16,3]  1.0007747  1.0013997
ilr.fac1[17,1]  1.0014129  1.0032236
ilr.fac1[17,2]  1.0030538  1.0071969
ilr.fac1[17,3]  1.0009198  1.0012066
ilr.fac1[18,1]  1.0024929  1.0054016
ilr.fac1[18,2]  1.0056860  1.0058511
ilr.fac1[18,3]  1.0020949  1.0068178
ilr.fac1[19,1]  1.0009032  1.0024962
ilr.fac1[19,2]  1.0045308  1.0065315
ilr.fac1[19,3]  1.0020968  1.0026500
ilr.fac1[2,1]   0.9999317  1.0002492
ilr.fac1[2,2]   1.0063226  1.0071663
ilr.fac1[2,3]   1.0044207  1.0071190
ilr.fac1[20,1]  1.0000372  1.0009223
ilr.fac1[20,2]  1.0016879  1.0036350
ilr.fac1[20,3]  1.0032117  1.0041979
ilr.fac1[21,1]  1.0008938  1.0011523
ilr.fac1[21,2]  1.0014721  1.0022502
ilr.fac1[21,3]  1.0023531  1.0066458
ilr.fac1[22,1]  1.0018321  1.0067903
ilr.fac1[22,2]  1.0019121  1.0024630
ilr.fac1[22,3]  1.0011269  1.0033646
ilr.fac1[23,1]  1.0013572  1.0019926
ilr.fac1[23,2]  1.0007668  1.0016568
ilr.fac1[23,3]  1.0011167  1.0021661
ilr.fac1[24,1]  1.0025342  1.0034291
ilr.fac1[24,2]  1.0012732  1.0016504
ilr.fac1[24,3]  1.0010260  1.0021893
ilr.fac1[25,1]  1.0007544  1.0035588
ilr.fac1[25,2]  1.0016544  1.0028959
ilr.fac1[25,3]  1.0002219  1.0005153
ilr.fac1[26,1]  1.0009239  1.0027924
ilr.fac1[26,2]  1.0008883  1.0014329
ilr.fac1[26,3]  1.0012022  1.0052853
ilr.fac1[27,1]  1.0014308  1.0025613
ilr.fac1[27,2]  1.0001287  1.0015779
ilr.fac1[27,3]  0.9998162  1.0005894
ilr.fac1[28,1]  1.0015452  1.0041728
ilr.fac1[28,2]  1.0020178  1.0056525
ilr.fac1[28,3]  1.0001590  1.0017284
ilr.fac1[29,1]  1.0034676  1.0091084
ilr.fac1[29,2]  1.0007005  1.0015892
ilr.fac1[29,3]  1.0029505  1.0077739
ilr.fac1[3,1]   1.0003906  1.0015566
ilr.fac1[3,2]   1.0015062  1.0048023
ilr.fac1[3,3]   1.0025023  1.0025946
ilr.fac1[30,1]  1.0004357  1.0015599
ilr.fac1[30,2]  1.0020294  1.0071139
ilr.fac1[30,3]  1.0005297  1.0006875
ilr.fac1[31,1]  1.0008832  1.0036048
ilr.fac1[31,2]  1.0012937  1.0029052
ilr.fac1[31,3]  1.0037943  1.0070910
ilr.fac1[32,1]  1.0003151  1.0011220
ilr.fac1[32,2]  1.0034956  1.0121791
ilr.fac1[32,3]  1.0013122  1.0015165
ilr.fac1[33,1]  1.0017231  1.0017260
ilr.fac1[33,2]  1.0007631  1.0027298
ilr.fac1[33,3]  1.0058624  1.0112403
ilr.fac1[34,1]  1.0018116  1.0057022
ilr.fac1[34,2]  1.0028580  1.0051269
ilr.fac1[34,3]  1.0020130  1.0055390
ilr.fac1[35,1]  1.0015931  1.0057731
ilr.fac1[35,2]  1.0009889  1.0022503
ilr.fac1[35,3]  1.0011483  1.0013320
ilr.fac1[36,1]  1.0004112  1.0024788
ilr.fac1[36,2]  0.9997623  1.0002556
ilr.fac1[36,3]  1.0013436  1.0016565
ilr.fac1[37,1]  1.0001873  1.0003975
ilr.fac1[37,2]  1.0025250  1.0033979
ilr.fac1[37,3]  1.0005512  1.0015883
ilr.fac1[4,1]   1.0010337  1.0048556
ilr.fac1[4,2]   1.0042469  1.0043595
ilr.fac1[4,3]   1.0006449  1.0009198
ilr.fac1[5,1]   0.9997559  0.9998486
ilr.fac1[5,2]   1.0031807  1.0034340
ilr.fac1[5,3]   1.0036763  1.0053345
ilr.fac1[6,1]   1.0015095  1.0017403
ilr.fac1[6,2]   1.0017897  1.0042313
ilr.fac1[6,3]   1.0001371  1.0003208
ilr.fac1[7,1]   1.0003264  1.0005494
ilr.fac1[7,2]   1.0008757  1.0031464
ilr.fac1[7,3]   1.0010418  1.0026173
ilr.fac1[8,1]   1.0007247  1.0008377
ilr.fac1[8,2]   1.0005085  1.0030272
ilr.fac1[8,3]   1.0035261  1.0075641
ilr.fac1[9,1]   1.0027626  1.0049282
ilr.fac1[9,2]   0.9995906  0.9995993
ilr.fac1[9,3]   1.0007874  1.0021889
loglik[1]       1.0019250  1.0031252
loglik[10]      1.0013783  1.0044506
loglik[11]      1.0005631  1.0023161
loglik[12]      1.0003450  1.0019540
loglik[13]      1.0015644  1.0055684
loglik[14]      1.0005632  1.0014711
loglik[15]      1.0026592  1.0097902
loglik[16]      1.0006381  1.0021670
loglik[17]      1.0017423  1.0048597
loglik[18]      1.0020532  1.0036231
loglik[19]      1.0015456  1.0026450
loglik[2]       1.0090800  1.0199482
loglik[20]      1.0011321  1.0022609
loglik[21]      1.0014773  1.0060625
loglik[22]      1.0011174  1.0036088
loglik[23]      1.0013848  1.0063377
loglik[24]      1.0003203  1.0019710
loglik[25]      1.0023645  1.0058021
loglik[26]      1.0057216  1.0137843
loglik[27]      1.0021345  1.0071333
loglik[28]      1.0052256  1.0148865
loglik[29]      1.0026365  1.0065302
loglik[3]       1.0020669  1.0052024
loglik[30]      1.0026737  1.0064722
loglik[31]      1.0000072  1.0008924
loglik[32]      1.0012552  1.0039100
loglik[33]      1.0030690  1.0081333
loglik[34]      1.0032928  1.0102446
loglik[35]      1.0024442  1.0097541
loglik[36]      1.0017678  1.0064452
loglik[37]      1.0034787  1.0137209
loglik[4]       1.0015763  1.0026262
loglik[5]       1.0012215  1.0048626
loglik[6]       1.0022914  1.0034673
loglik[7]       1.0018645  1.0073988
loglik[8]       1.0023334  1.0028093
loglik[9]       0.9999350  1.0005296
p.fac1[1,1]     1.0017614  1.0072131
p.fac1[1,2]     1.0010093  1.0047112
p.fac1[1,3]     1.0025137  1.0092366
p.fac1[1,4]     1.0007779  1.0039577
p.fac1[10,1]    1.0083882  1.0295344
p.fac1[10,2]    1.0037047  1.0098755
p.fac1[10,3]    1.0070675  1.0228696
p.fac1[10,4]    1.0046255  1.0163575
p.fac1[11,1]    1.0068001  1.0252320
p.fac1[11,2]    1.0039512  1.0138304
p.fac1[11,3]    1.0038810  1.0134733
p.fac1[11,4]    1.0033856  1.0135629
p.fac1[12,1]    1.0029610  1.0111312
p.fac1[12,2]    1.0012185  1.0041209
p.fac1[12,3]    1.0012956  1.0060863
p.fac1[12,4]    1.0030627  1.0115728
p.fac1[13,1]    1.0071468  1.0256468
p.fac1[13,2]    1.0034525  1.0116920
p.fac1[13,3]    1.0038369  1.0151788
p.fac1[13,4]    1.0037143  1.0148425
p.fac1[14,1]    1.0103433  1.0329049
p.fac1[14,2]    1.0120147  1.0273163
p.fac1[14,3]    1.0065394  1.0219323
p.fac1[14,4]    1.0046453  1.0167402
p.fac1[15,1]    1.0111712  1.0355332
p.fac1[15,2]    1.0080301  1.0200014
p.fac1[15,3]    1.0090286  1.0300863
p.fac1[15,4]    1.0034299  1.0115748
p.fac1[16,1]    1.0020402  1.0083649
p.fac1[16,2]    1.0020623  1.0074365
p.fac1[16,3]    1.0024053  1.0098491
p.fac1[16,4]    1.0030577  1.0100612
p.fac1[17,1]    1.0046444  1.0172465
p.fac1[17,2]    1.0010694  1.0051125
p.fac1[17,3]    1.0048696  1.0189436
p.fac1[17,4]    1.0030226  1.0114599
p.fac1[18,1]    1.0058515  1.0178915
p.fac1[18,2]    1.0022636  1.0055658
p.fac1[18,3]    1.0031675  1.0083629
p.fac1[18,4]    1.0059638  1.0225959
p.fac1[19,1]    1.0059279  1.0228141
p.fac1[19,2]    1.0022146  1.0074159
p.fac1[19,3]    1.0053423  1.0191682
p.fac1[19,4]    1.0089326  1.0273694
p.fac1[2,1]     1.0134904  1.0275917
p.fac1[2,2]     1.0023267  1.0080587
p.fac1[2,3]     1.0093471  1.0175820
p.fac1[2,4]     1.0019938  1.0075721
p.fac1[20,1]    1.0038186  1.0124543
p.fac1[20,2]    1.0025755  1.0071600
p.fac1[20,3]    1.0083718  1.0222174
p.fac1[20,4]    1.0011266  1.0040035
p.fac1[21,1]    1.0046386  1.0174268
p.fac1[21,2]    1.0020024  1.0064954
p.fac1[21,3]    1.0029145  1.0097797
p.fac1[21,4]    1.0061619  1.0203204
p.fac1[22,1]    1.0119438  1.0291604
p.fac1[22,2]    1.0087048  1.0171909
p.fac1[22,3]    1.0110436  1.0276115
p.fac1[22,4]    1.0062012  1.0151293
p.fac1[23,1]    1.0062583  1.0192346
p.fac1[23,2]    1.0040584  1.0093462
p.fac1[23,3]    1.0048277  1.0153842
p.fac1[23,4]    1.0009086  1.0042931
p.fac1[24,1]    1.0043659  1.0140110
p.fac1[24,2]    1.0057241  1.0104610
p.fac1[24,3]    1.0018696  1.0080698
p.fac1[24,4]    1.0040072  1.0124415
p.fac1[25,1]    1.0143527  1.0433585
p.fac1[25,2]    1.0157228  1.0332629
p.fac1[25,3]    1.0092971  1.0290050
p.fac1[25,4]    1.0044755  1.0156337
p.fac1[26,1]    1.0024895  1.0085243
p.fac1[26,2]    1.0012910  1.0040849
p.fac1[26,3]    1.0033795  1.0112578
p.fac1[26,4]    1.0006720  1.0031257
p.fac1[27,1]    1.0129875  1.0334589
p.fac1[27,2]    1.0129207  1.0262699
p.fac1[27,3]    1.0070078  1.0178156
p.fac1[27,4]    1.0092622  1.0250025
p.fac1[28,1]    1.0140343  1.0270408
p.fac1[28,2]    1.0194511  1.0301006
p.fac1[28,3]    1.0039270  1.0106655
p.fac1[28,4]    1.0023289  1.0093499
p.fac1[29,1]    1.0136127  1.0431153
p.fac1[29,2]    1.0046089  1.0152714
p.fac1[29,3]    1.0148839  1.0410993
p.fac1[29,4]    1.0032258  1.0112380
p.fac1[3,1]     1.0022265  1.0087529
p.fac1[3,2]     1.0093710  1.0171154
p.fac1[3,3]     1.0024393  1.0100898
p.fac1[3,4]     1.0062681  1.0143840
p.fac1[30,1]    1.0049801  1.0157797
p.fac1[30,2]    1.0036023  1.0069648
p.fac1[30,3]    1.0054583  1.0186906
p.fac1[30,4]    1.0046832  1.0130975
p.fac1[31,1]    1.0038292  1.0110222
p.fac1[31,2]    1.0042738  1.0095366
p.fac1[31,3]    1.0017306  1.0068143
p.fac1[31,4]    1.0031678  1.0113627
p.fac1[32,1]    1.0054299  1.0191298
p.fac1[32,2]    1.0027884  1.0039787
p.fac1[32,3]    1.0098456  1.0316701
p.fac1[32,4]    1.0021150  1.0068536
p.fac1[33,1]    1.0043044  1.0141134
p.fac1[33,2]    1.0074787  1.0093885
p.fac1[33,3]    1.0034938  1.0125836
p.fac1[33,4]    1.0087374  1.0296761
p.fac1[34,1]    1.0087888  1.0315473
p.fac1[34,2]    1.0118790  1.0297934
p.fac1[34,3]    1.0051398  1.0196992
p.fac1[34,4]    1.0020756  1.0077188
p.fac1[35,1]    1.0080962  1.0241710
p.fac1[35,2]    1.0044015  1.0090142
p.fac1[35,3]    1.0073037  1.0233198
p.fac1[35,4]    1.0020274  1.0084426
p.fac1[36,1]    1.0104729  1.0285667
p.fac1[36,2]    1.0056965  1.0160264
p.fac1[36,3]    1.0115116  1.0291654
p.fac1[36,4]    1.0046403  1.0125776
p.fac1[37,1]    1.0056752  1.0206704
p.fac1[37,2]    1.0025453  1.0098605
p.fac1[37,3]    1.0038264  1.0136519
p.fac1[37,4]    1.0048384  1.0181510
p.fac1[4,1]     1.0057077  1.0199928
p.fac1[4,2]     1.0045534  1.0130600
p.fac1[4,3]     1.0050439  1.0170422
p.fac1[4,4]     1.0005812  1.0032304
p.fac1[5,1]     1.0049268  1.0181157
p.fac1[5,2]     1.0092879  1.0240519
p.fac1[5,3]     1.0031482  1.0112706
p.fac1[5,4]     1.0046908  1.0165021
p.fac1[6,1]     1.0065350  1.0202258
p.fac1[6,2]     1.0068990  1.0143033
p.fac1[6,3]     1.0041374  1.0161243
p.fac1[6,4]     1.0035116  1.0108948
p.fac1[7,1]     1.0060357  1.0219230
p.fac1[7,2]     1.0088386  1.0227178
p.fac1[7,3]     1.0023280  1.0096691
p.fac1[7,4]     1.0021570  1.0083373
p.fac1[8,1]     1.0046418  1.0163639
p.fac1[8,2]     1.0024467  1.0080176
p.fac1[8,3]     1.0045642  1.0177363
p.fac1[8,4]     1.0011477  1.0036473
p.fac1[9,1]     1.0045017  1.0171423
p.fac1[9,2]     1.0035183  1.0110364
p.fac1[9,3]     1.0051765  1.0180304
p.fac1[9,4]     1.0033817  1.0128711
p.global[1]     1.0145067  1.0473443
p.global[2]     1.0110846  1.0317074
p.global[3]     1.0131373  1.0441249
p.global[4]     1.0091627  1.0304100
resid.prop[1]   1.0014269  1.0023370
resid.prop[2]   1.0003592  1.0026451

################################################################################
# Geweke Diagnostic
################################################################################

The Geweke diagnostic is a standard z-score, so we'd expect 5% to be outside +/-1.96
Number of variables outside +/-1.96 in each chain (out of 
304
):


       Chain 1 Chain 2 Chain 3
Geweke     155      11      21


And here are the Geweke diagnostics for all variables:


