
################################################################################
# Gelman-Rubin Diagnostic
################################################################################

Generally the Gelman diagnostic should be < 1.05


Out of 304 variables: 7 > 1.01

                      
0 > 1.05

                      
0 > 1.1


The worst variables are:

             Point est. Upper C.I.
p.fac1[20,4]   1.011267   1.037802
p.fac1[10,4]   1.010785   1.037945
p.fac1[20,1]   1.010624   1.038604
p.fac1[4,4]    1.010549   1.036019
p.fac1[1,1]    1.010103   1.037321
p.fac1[31,4]   1.010048   1.035740
p.fac1[5,4]    1.010019   1.035263
p.fac1[30,1]   1.009577   1.035504
p.fac1[3,4]    1.008819   1.032443
p.fac1[25,4]   1.008790   1.032019


And here are the Gelman diagnostics for all variables:

               Point est. Upper C.I.
deviance        1.0078877  1.0185892
fac1.sig        1.0025980  1.0092135
ilr.fac1[1,1]   1.0003206  1.0005838
ilr.fac1[1,2]   1.0001650  1.0008434
ilr.fac1[1,3]   1.0016493  1.0059886
ilr.fac1[10,1]  1.0012662  1.0056919
ilr.fac1[10,2]  1.0001174  1.0014630
ilr.fac1[10,3]  1.0024562  1.0102329
ilr.fac1[11,1]  1.0012709  1.0019842
ilr.fac1[11,2]  1.0004479  1.0022464
ilr.fac1[11,3]  1.0017305  1.0033504
ilr.fac1[12,1]  1.0024162  1.0077795
ilr.fac1[12,2]  1.0019676  1.0080369
ilr.fac1[12,3]  1.0009344  1.0045235
ilr.fac1[13,1]  1.0011160  1.0030923
ilr.fac1[13,2]  1.0004658  1.0029864
ilr.fac1[13,3]  1.0000574  1.0015124
ilr.fac1[14,1]  0.9996918  0.9997873
ilr.fac1[14,2]  1.0007050  1.0021352
ilr.fac1[14,3]  1.0009423  1.0040767
ilr.fac1[15,1]  1.0000559  1.0001281
ilr.fac1[15,2]  1.0002287  1.0013182
ilr.fac1[15,3]  0.9996170  0.9998474
ilr.fac1[16,1]  1.0018640  1.0048387
ilr.fac1[16,2]  0.9997304  0.9999870
ilr.fac1[16,3]  1.0011916  1.0044539
ilr.fac1[17,1]  1.0005488  1.0030275
ilr.fac1[17,2]  1.0000436  1.0014964
ilr.fac1[17,3]  1.0002020  1.0020759
ilr.fac1[18,1]  1.0017557  1.0028397
ilr.fac1[18,2]  1.0007071  1.0038138
ilr.fac1[18,3]  0.9998325  1.0006694
ilr.fac1[19,1]  1.0011326  1.0031011
ilr.fac1[19,2]  1.0057115  1.0208562
ilr.fac1[19,3]  0.9997429  0.9997880
ilr.fac1[2,1]   1.0012589  1.0034547
ilr.fac1[2,2]   1.0046332  1.0167491
ilr.fac1[2,3]   0.9999766  1.0005490
ilr.fac1[20,1]  0.9999710  1.0004796
ilr.fac1[20,2]  1.0008447  1.0010174
ilr.fac1[20,3]  1.0039527  1.0085631
ilr.fac1[21,1]  1.0003693  1.0014837
ilr.fac1[21,2]  1.0031122  1.0112635
ilr.fac1[21,3]  1.0001723  1.0013808
ilr.fac1[22,1]  1.0006897  1.0021756
ilr.fac1[22,2]  1.0001447  1.0016366
ilr.fac1[22,3]  0.9999747  1.0000394
ilr.fac1[23,1]  1.0004853  1.0015758
ilr.fac1[23,2]  1.0019801  1.0023554
ilr.fac1[23,3]  0.9999524  1.0006421
ilr.fac1[24,1]  1.0003785  1.0005122
ilr.fac1[24,2]  0.9998545  1.0001285
ilr.fac1[24,3]  1.0002938  1.0012354
ilr.fac1[25,1]  1.0016772  1.0061432
ilr.fac1[25,2]  1.0020105  1.0077176
ilr.fac1[25,3]  1.0013061  1.0020659
ilr.fac1[26,1]  1.0000338  1.0014625
ilr.fac1[26,2]  0.9997593  0.9997641
ilr.fac1[26,3]  1.0029648  1.0120114
ilr.fac1[27,1]  1.0017849  1.0043867
ilr.fac1[27,2]  1.0001707  1.0011013
ilr.fac1[27,3]  1.0001700  1.0015370
ilr.fac1[28,1]  1.0005332  1.0020517
ilr.fac1[28,2]  1.0009991  1.0023277
ilr.fac1[28,3]  0.9999317  1.0000074
ilr.fac1[29,1]  1.0003254  1.0016083
ilr.fac1[29,2]  1.0012492  1.0051316
ilr.fac1[29,3]  1.0008837  1.0026701
ilr.fac1[3,1]   1.0036181  1.0089483
ilr.fac1[3,2]   1.0012899  1.0056636
ilr.fac1[3,3]   1.0008062  1.0036036
ilr.fac1[30,1]  0.9996026  0.9998301
ilr.fac1[30,2]  0.9998879  1.0001381
ilr.fac1[30,3]  1.0004614  1.0017456
ilr.fac1[31,1]  1.0023901  1.0037091
ilr.fac1[31,2]  1.0000078  1.0009413
ilr.fac1[31,3]  1.0004195  1.0019688
ilr.fac1[32,1]  1.0026201  1.0091820
ilr.fac1[32,2]  1.0002302  1.0019634
ilr.fac1[32,3]  1.0029277  1.0101105
ilr.fac1[33,1]  0.9995866  0.9996999
ilr.fac1[33,2]  1.0002260  1.0010228
ilr.fac1[33,3]  1.0011116  1.0034117
ilr.fac1[34,1]  1.0008997  1.0014130
ilr.fac1[34,2]  1.0013122  1.0033368
ilr.fac1[34,3]  1.0030073  1.0108015
ilr.fac1[35,1]  1.0016277  1.0045367
ilr.fac1[35,2]  1.0009363  1.0026774
ilr.fac1[35,3]  1.0027256  1.0109158
ilr.fac1[36,1]  1.0007402  1.0036100
ilr.fac1[36,2]  1.0006719  1.0021410
ilr.fac1[36,3]  1.0007735  1.0021589
ilr.fac1[37,1]  1.0004549  1.0018855
ilr.fac1[37,2]  1.0005777  1.0008006
ilr.fac1[37,3]  1.0031555  1.0110754
ilr.fac1[4,1]   0.9997359  0.9998882
ilr.fac1[4,2]   1.0036060  1.0141822
ilr.fac1[4,3]   1.0009081  1.0043339
ilr.fac1[5,1]   1.0013860  1.0039555
ilr.fac1[5,2]   1.0028906  1.0095961
ilr.fac1[5,3]   1.0024594  1.0102448
ilr.fac1[6,1]   1.0001871  1.0006636
ilr.fac1[6,2]   1.0002453  1.0007689
ilr.fac1[6,3]   1.0007074  1.0014822
ilr.fac1[7,1]   1.0018365  1.0027926
ilr.fac1[7,2]   1.0013454  1.0033028
ilr.fac1[7,3]   0.9997904  0.9999443
ilr.fac1[8,1]   1.0022295  1.0038623
ilr.fac1[8,2]   0.9997433  1.0000941
ilr.fac1[8,3]   1.0004101  1.0008149
ilr.fac1[9,1]   1.0015257  1.0034554
ilr.fac1[9,2]   1.0009701  1.0037580
ilr.fac1[9,3]   1.0016717  1.0057518
loglik[1]       1.0027832  1.0066420
loglik[10]      1.0034833  1.0116460
loglik[11]      1.0010391  1.0017667
loglik[12]      1.0054424  1.0071319
loglik[13]      1.0039486  1.0072914
loglik[14]      1.0021163  1.0081579
loglik[15]      1.0063533  1.0064417
loglik[16]      1.0055194  1.0069504
loglik[17]      1.0035905  1.0099938
loglik[18]      1.0015333  1.0067149
loglik[19]      1.0059403  1.0192068
loglik[2]       1.0057587  1.0205378
loglik[20]      1.0034891  1.0121277
loglik[21]      1.0032552  1.0084390
loglik[22]      1.0030791  1.0040212
loglik[23]      1.0048286  1.0066377
loglik[24]      1.0025210  1.0041787
loglik[25]      1.0013433  1.0032933
loglik[26]      1.0024761  1.0046555
loglik[27]      1.0035226  1.0050129
loglik[28]      1.0067099  1.0107148
loglik[29]      1.0008697  1.0015406
loglik[3]       1.0055524  1.0206279
loglik[30]      1.0009637  1.0012443
loglik[31]      1.0030227  1.0059676
loglik[32]      1.0021347  1.0059367
loglik[33]      1.0017096  1.0031162
loglik[34]      1.0012809  1.0047544
loglik[35]      1.0025299  1.0041679
loglik[36]      1.0036589  1.0130260
loglik[37]      1.0022536  1.0049560
loglik[4]       1.0060002  1.0176289
loglik[5]       1.0084256  1.0244087
loglik[6]       1.0055062  1.0124726
loglik[7]       1.0021435  1.0073790
loglik[8]       1.0021865  1.0071828
loglik[9]       1.0029426  1.0063106
p.fac1[1,1]     1.0101032  1.0373207
p.fac1[1,2]     1.0008568  1.0035696
p.fac1[1,3]     1.0018966  1.0081921
p.fac1[1,4]     1.0078463  1.0269835
p.fac1[10,1]    1.0073441  1.0273582
p.fac1[10,2]    1.0013883  1.0043765
p.fac1[10,3]    1.0019948  1.0079984
p.fac1[10,4]    1.0107853  1.0379451
p.fac1[11,1]    1.0081957  1.0301319
p.fac1[11,2]    1.0019984  1.0083664
p.fac1[11,3]    1.0033654  1.0121216
p.fac1[11,4]    1.0072612  1.0275482
p.fac1[12,1]    1.0057766  1.0217385
p.fac1[12,2]    1.0024250  1.0101800
p.fac1[12,3]    1.0014251  1.0059712
p.fac1[12,4]    1.0054381  1.0205914
p.fac1[13,1]    1.0059665  1.0225019
p.fac1[13,2]    1.0013533  1.0053611
p.fac1[13,3]    1.0022911  1.0085242
p.fac1[13,4]    1.0071574  1.0266636
p.fac1[14,1]    1.0080738  1.0297966
p.fac1[14,2]    1.0013335  1.0061731
p.fac1[14,3]    1.0029281  1.0107292
p.fac1[14,4]    1.0086059  1.0318517
p.fac1[15,1]    1.0071065  1.0268141
p.fac1[15,2]    1.0035372  1.0127606
p.fac1[15,3]    1.0021626  1.0089239
p.fac1[15,4]    1.0063246  1.0241228
p.fac1[16,1]    1.0074094  1.0278525
p.fac1[16,2]    1.0027685  1.0113467
p.fac1[16,3]    1.0026911  1.0101374
p.fac1[16,4]    1.0077258  1.0290426
p.fac1[17,1]    1.0084012  1.0314007
p.fac1[17,2]    1.0044839  1.0175664
p.fac1[17,3]    1.0020637  1.0086006
p.fac1[17,4]    1.0071047  1.0266367
p.fac1[18,1]    1.0083328  1.0310789
p.fac1[18,2]    1.0045421  1.0153716
p.fac1[18,3]    1.0020882  1.0080423
p.fac1[18,4]    1.0065518  1.0248855
p.fac1[19,1]    1.0056049  1.0215490
p.fac1[19,2]    1.0042700  1.0165963
p.fac1[19,3]    1.0007337  1.0033498
p.fac1[19,4]    1.0059942  1.0228848
p.fac1[2,1]     1.0066381  1.0250520
p.fac1[2,2]     1.0000971  1.0003597
p.fac1[2,3]     1.0045477  1.0172922
p.fac1[2,4]     1.0082637  1.0302972
p.fac1[20,1]    1.0106243  1.0386044
p.fac1[20,2]    1.0017238  1.0067699
p.fac1[20,3]    1.0024392  1.0096057
p.fac1[20,4]    1.0112671  1.0378018
p.fac1[21,1]    1.0087171  1.0322175
p.fac1[21,2]    1.0041333  1.0163279
p.fac1[21,3]    1.0016395  1.0061421
p.fac1[21,4]    1.0070754  1.0265603
p.fac1[22,1]    1.0072200  1.0272306
p.fac1[22,2]    1.0019158  1.0082744
p.fac1[22,3]    1.0022331  1.0086078
p.fac1[22,4]    1.0069232  1.0260367
p.fac1[23,1]    1.0080825  1.0300081
p.fac1[23,2]    1.0028908  1.0116679
p.fac1[23,3]    1.0030390  1.0115170
p.fac1[23,4]    1.0058322  1.0224566
p.fac1[24,1]    1.0076347  1.0288367
p.fac1[24,2]    1.0027942  1.0112179
p.fac1[24,3]    1.0021161  1.0087562
p.fac1[24,4]    1.0071925  1.0272198
p.fac1[25,1]    1.0059508  1.0222812
p.fac1[25,2]    1.0014328  1.0065414
p.fac1[25,3]    1.0011265  1.0046412
p.fac1[25,4]    1.0087902  1.0320193
p.fac1[26,1]    1.0063061  1.0239848
p.fac1[26,2]    1.0023309  1.0098339
p.fac1[26,3]    1.0025375  1.0101239
p.fac1[26,4]    1.0047959  1.0183445
p.fac1[27,1]    1.0075461  1.0284458
p.fac1[27,2]    1.0039754  1.0157830
p.fac1[27,3]    1.0022086  1.0087619
p.fac1[27,4]    1.0073302  1.0275494
p.fac1[28,1]    1.0076920  1.0287323
p.fac1[28,2]    1.0043775  1.0169476
p.fac1[28,3]    1.0021118  1.0077216
p.fac1[28,4]    1.0076830  1.0288424
p.fac1[29,1]    1.0081306  1.0299874
p.fac1[29,2]    1.0045110  1.0174909
p.fac1[29,3]    1.0018535  1.0070266
p.fac1[29,4]    1.0080683  1.0296340
p.fac1[3,1]     1.0054986  1.0209235
p.fac1[3,2]     1.0002392  1.0004632
p.fac1[3,3]     1.0040351  1.0147670
p.fac1[3,4]     1.0088189  1.0324431
p.fac1[30,1]    1.0095765  1.0355044
p.fac1[30,2]    1.0024731  1.0090981
p.fac1[30,3]    1.0022902  1.0087143
p.fac1[30,4]    1.0086905  1.0307414
p.fac1[31,1]    1.0087286  1.0325238
p.fac1[31,2]    1.0030955  1.0122529
p.fac1[31,3]    1.0021058  1.0085606
p.fac1[31,4]    1.0100484  1.0357404
p.fac1[32,1]    1.0079928  1.0298594
p.fac1[32,2]    1.0041758  1.0162821
p.fac1[32,3]    1.0037302  1.0136307
p.fac1[32,4]    1.0045978  1.0174476
p.fac1[33,1]    1.0058774  1.0225276
p.fac1[33,2]    1.0020803  1.0087950
p.fac1[33,3]    1.0027879  1.0109426
p.fac1[33,4]    1.0070615  1.0268166
p.fac1[34,1]    1.0057773  1.0219248
p.fac1[34,2]    1.0015819  1.0064498
p.fac1[34,3]    1.0033446  1.0128400
p.fac1[34,4]    1.0057980  1.0218528
p.fac1[35,1]    1.0070810  1.0266371
p.fac1[35,2]    1.0025250  1.0105333
p.fac1[35,3]    1.0034405  1.0131824
p.fac1[35,4]    1.0058497  1.0224603
p.fac1[36,1]    1.0060761  1.0230818
p.fac1[36,2]    1.0013996  1.0054770
p.fac1[36,3]    1.0032712  1.0123055
p.fac1[36,4]    1.0083916  1.0304895
p.fac1[37,1]    1.0073102  1.0273738
p.fac1[37,2]    1.0034316  1.0131946
p.fac1[37,3]    1.0031673  1.0119519
p.fac1[37,4]    1.0051887  1.0199388
p.fac1[4,1]     1.0077313  1.0291256
p.fac1[4,2]     1.0007919  1.0009058
p.fac1[4,3]     1.0043655  1.0166053
p.fac1[4,4]     1.0105492  1.0360186
p.fac1[5,1]     1.0074839  1.0279480
p.fac1[5,2]     1.0003305  1.0008869
p.fac1[5,3]     1.0043990  1.0167555
p.fac1[5,4]     1.0100186  1.0352631
p.fac1[6,1]     1.0077090  1.0285120
p.fac1[6,2]     1.0015770  1.0070514
p.fac1[6,3]     1.0028311  1.0104808
p.fac1[6,4]     1.0072546  1.0265659
p.fac1[7,1]     1.0080602  1.0293418
p.fac1[7,2]     1.0023323  1.0093265
p.fac1[7,3]     1.0024708  1.0095449
p.fac1[7,4]     1.0073346  1.0275977
p.fac1[8,1]     1.0065901  1.0244204
p.fac1[8,2]     1.0008664  1.0042306
p.fac1[8,3]     1.0024822  1.0098370
p.fac1[8,4]     1.0075157  1.0282117
p.fac1[9,1]     1.0056526  1.0216689
p.fac1[9,2]     1.0014370  1.0062637
p.fac1[9,3]     1.0016986  1.0070957
p.fac1[9,4]     1.0083374  1.0312120
p.global[1]     1.0078955  1.0294509
p.global[2]     1.0027469  1.0110019
p.global[3]     1.0028605  1.0108013
p.global[4]     1.0084679  1.0317163
resid.prop[1]   0.9996976  1.0001443
resid.prop[2]   1.0005114  1.0023252

################################################################################
# Geweke Diagnostic
################################################################################

The Geweke diagnostic is a standard z-score, so we'd expect 5% to be outside +/-1.96
Number of variables outside +/-1.96 in each chain (out of 
304
):


       Chain 1 Chain 2 Chain 3
Geweke      63      20      22


And here are the Geweke diagnostics for all variables:


